timestamp,station_id,station_name,latitude,longitude,temperature,pressure,humidity
1944-01-01T03:00:00,42555099999,JHALAWAR,24.533,76.167,13.3,1019.0,74.69
1944-01-01T12:00:00,42555099999,JHALAWAR,24.533,76.167,23.9,1014.6,35.7
1944-01-02T03:00:00,42555099999,JHALAWAR,24.533,76.167,12.2,1019.8,64.05
1944-01-02T12:00:00,42555099999,JHALAWAR,24.533,76.167,23.3,964.6,30.53
1944-01-03T03:00:00,42555099999,JHALAWAR,24.533,76.167,12.2,1021.1,54.53
1944-01-03T12:00:00,42555099999,JHALAWAR,24.533,76.167,25.0,1014.2,34.58
1944-01-04T03:00:00,42555099999,JHALAWAR,24.533,76.167,12.2,1019.9,64.05
1944-01-04T12:00:00,42555099999,JHALAWAR,24.533,76.167,24.4,1013.3,49.98
1944-01-06T03:00:00,42555099999,JHALAWAR,24.533,76.167,13.3,1020.1,96.79
1944-01-07T03:00:00,42555099999,JHALAWAR,24.533,76.167,11.1,1018.7,92.93
1944-01-08T03:00:00,42555099999,JHALAWAR,24.533,76.167,19.4,1015.9,61.06
1944-01-09T03:00:00,42555099999,JHALAWAR,24.533,76.167,13.9,1017.9,80.5
1944-01-10T03:00:00,42555099999,JHALAWAR,24.533,76.167,12.8,1018.8,89.4
1944-01-11T03:00:00,42555099999,JHALAWAR,24.533,76.167,12.8,1021.2,93.03
1944-01-11T12:00:00,42555099999,JHALAWAR,24.533,76.167,23.3,1013.9,59.61
1944-01-14T03:00:00,42555099999,JHALAWAR,24.533,76.167,11.7,1021.2,89.32
1944-01-14T12:00:00,42555099999,JHALAWAR,24.533,76.167,20.0,1017.5,25.06
1944-01-15T03:00:00,42555099999,JHALAWAR,24.533,76.167,7.8,1016.3,70.66
1944-01-15T12:00:00,42555099999,JHALAWAR,24.533,76.167,20.0,1015.1,25.06
1944-01-16T03:00:00,42555099999,JHALAWAR,24.533,76.167,8.9,1019.1,79.8
1944-01-16T12:00:00,42555099999,JHALAWAR,24.533,76.167,21.7,1014.0,27.62
1944-01-17T03:00:00,42555099999,JHALAWAR,24.533,76.167,7.2,1018.6,79.55
1944-01-17T12:00:00,42555099999,JHALAWAR,24.533,76.167,22.2,1013.9,21.9
1944-01-18T03:00:00,42555099999,JHALAWAR,24.533,76.167,7.8,1019.5,89.0
1944-01-18T12:00:00,42555099999,JHALAWAR,24.533,76.167,25.0,1014.4,25.52
1944-01-19T03:00:00,42555099999,JHALAWAR,24.533,76.167,8.9,1021.4,73.4
1944-01-19T12:00:00,42555099999,JHALAWAR,24.533,76.167,25.0,1016.1,17.83
1944-01-20T03:00:00,42555099999,JHALAWAR,24.533,76.167,9.4,1019.9,86.14
1944-01-20T12:00:00,42555099999,JHALAWAR,24.533,76.167,26.1,1013.5,40.67
1944-01-21T03:00:00,42555099999,JHALAWAR,24.533,76.167,10.0,1018.6,82.74
1944-01-21T12:00:00,42555099999,JHALAWAR,24.533,76.167,27.2,1010.8,19.87
1944-01-22T03:00:00,42555099999,JHALAWAR,24.533,76.167,13.3,1015.5,61.7
1944-01-22T12:00:00,42555099999,JHALAWAR,24.533,76.167,29.4,1008.3,19.72
1944-01-23T03:00:00,42555099999,JHALAWAR,24.533,76.167,14.4,1015.2,66.78
1944-01-23T12:00:00,42555099999,JHALAWAR,24.533,76.167,25.0,1010.5,34.58
1944-01-24T03:00:00,42555099999,JHALAWAR,24.533,76.167,15.6,1010.5,77.6
1944-01-24T12:00:00,42555099999,JHALAWAR,24.533,76.167,21.7,1009.8,73.24
1944-01-25T03:00:00,42555099999,JHALAWAR,24.533,76.167,10.6,1018.6,71.2
1944-01-25T12:00:00,42555099999,JHALAWAR,24.533,76.167,21.1,1014.7,28.66
1944-01-26T03:00:00,42555099999,JHALAWAR,24.533,76.167,10.0,1017.7,71.09
1944-01-26T12:00:00,42555099999,JHALAWAR,24.533,76.167,21.1,1013.6,32.32
1944-01-27T03:00:00,42555099999,JHALAWAR,24.533,76.167,10.6,1015.3,65.5
1944-01-27T12:00:00,42555099999,JHALAWAR,24.533,76.167,21.7,1010.6,29.86
1944-01-28T03:00:00,42555099999,JHALAWAR,24.533,76.167,10.6,1014.3,65.5
1944-01-28T12:00:00,42555099999,JHALAWAR,24.533,76.167,20.0,1010.8,45.29
1944-01-29T03:00:00,42555099999,JHALAWAR,24.533,76.167,11.7,1015.2,85.8
1944-01-29T12:00:00,42555099999,JHALAWAR,24.533,76.167,22.8,1010.6,31.46
1944-01-30T03:00:00,42555099999,JHALAWAR,24.533,76.167,13.3,1016.4,80.42
1944-01-30T12:00:00,42555099999,JHALAWAR,24.533,76.167,20.6,1013.5,25.23
1944-01-31T03:00:00,42555099999,JHALAWAR,24.533,76.167,8.9,1020.3,62.84
1944-01-31T12:00:00,42555099999,JHALAWAR,24.533,76.167,20.6,1014.3,58.58
1944-02-01T03:00:00,42555099999,JHALAWAR,24.533,76.167,8.3,1018.0,68.3
1944-02-01T12:00:00,42555099999,JHALAWAR,24.533,76.167,23.3,1012.0,61.95
1944-02-02T03:00:00,42555099999,JHALAWAR,24.533,76.167,11.7,1016.8,58.79
1944-02-02T12:00:00,42555099999,JHALAWAR,24.533,76.167,26.7,1011.3,24.92
1944-02-03T03:00:00,42555099999,JHALAWAR,24.533,76.167,13.3,1016.0,61.7
1944-02-03T12:00:00,42555099999,JHALAWAR,24.533,76.167,28.3,1009.6,25.53
1944-02-04T03:00:00,42555099999,JHALAWAR,24.533,76.167,15.6,1013.4,59.75
1944-02-04T12:00:00,42555099999,JHALAWAR,24.533,76.167,25.6,1009.6,32.25
1944-02-05T03:00:00,42555099999,JHALAWAR,24.533,76.167,12.8,1016.9,74.1
1944-02-05T12:00:00,42555099999,JHALAWAR,24.533,76.167,26.7,1010.4,20.46
1944-02-06T03:00:00,42555099999,JHALAWAR,24.533,76.167,13.3,1013.2,64.3
1944-02-06T12:00:00,42555099999,JHALAWAR,24.533,76.167,25.0,1009.8,27.57
1944-02-07T03:00:00,42555099999,JHALAWAR,24.533,76.167,11.7,1015.0,71.42
1944-02-07T12:00:00,42555099999,JHALAWAR,24.533,76.167,23.9,1012.3,25.23
1944-02-08T03:00:00,42555099999,JHALAWAR,24.533,76.167,12.8,1019.2,66.43
1944-02-08T12:00:00,42555099999,JHALAWAR,24.533,76.167,,1015.4,
1944-02-09T03:00:00,42555099999,JHALAWAR,24.533,76.167,13.9,1019.3,57.32
1944-02-09T12:00:00,42555099999,JHALAWAR,24.533,76.167,23.9,1014.9,29.44
1944-02-10T03:00:00,42555099999,JHALAWAR,24.533,76.167,13.3,1019.7,50.75
1944-02-10T12:00:00,42555099999,JHALAWAR,24.533,76.167,23.3,1014.4,25.06
1944-02-11T03:00:00,42555099999,JHALAWAR,24.533,76.167,11.7,1018.6,54.4
1944-02-11T12:00:00,42555099999,JHALAWAR,24.533,76.167,22.8,1014.0,65.93
1944-02-12T03:00:00,42555099999,JHALAWAR,24.533,76.167,12.8,1016.5,50.61
1944-02-12T12:00:00,42555099999,JHALAWAR,24.533,76.167,25.0,1012.5,
1944-02-13T03:00:00,42555099999,JHALAWAR,24.533,76.167,15.6,1016.7,40.46
1944-02-13T12:00:00,42555099999,JHALAWAR,24.533,76.167,25.6,1011.4,24.63
1944-02-14T03:00:00,42555099999,JHALAWAR,24.533,76.167,13.9,1015.2,52.73
1944-02-14T12:00:00,42555099999,JHALAWAR,24.533,76.167,27.8,1008.5,27.2
1944-02-15T03:00:00,42555099999,JHALAWAR,24.533,76.167,15.6,1014.2,55.42
1944-02-15T12:00:00,42555099999,JHALAWAR,24.533,76.167,28.3,1009.0,25.53
1944-02-16T03:00:00,42555099999,JHALAWAR,24.533,76.167,18.9,1014.1,54.04
1944-02-16T12:00:00,42555099999,JHALAWAR,24.533,76.167,19.4,1009.7,93.36
1944-02-17T03:00:00,42555099999,JHALAWAR,24.533,76.167,15.0,1013.5,77.51
1944-02-17T12:00:00,42555099999,JHALAWAR,24.533,76.167,27.2,1007.8,42.34
1944-02-18T03:00:00,42555099999,JHALAWAR,24.533,76.167,15.6,1011.1,59.75
1944-02-18T12:00:00,42555099999,JHALAWAR,24.533,76.167,25.6,1004.5,32.25
1944-02-19T03:00:00,42555099999,JHALAWAR,24.533,76.167,12.8,1012.3,59.07
1944-02-19T12:00:00,42555099999,JHALAWAR,24.533,76.167,24.4,1008.5,14.47
1944-02-20T03:00:00,42555099999,JHALAWAR,24.533,76.167,12.8,1014.3,59.07
1944-02-20T12:00:00,42555099999,JHALAWAR,24.533,76.167,26.1,1009.7,15.41
1944-02-21T03:00:00,42555099999,JHALAWAR,24.533,76.167,13.9,1014.7,45.14
1944-02-21T12:00:00,42555099999,JHALAWAR,24.533,76.167,26.7,1009.2,20.46
1944-02-22T03:00:00,42555099999,JHALAWAR,24.533,76.167,17.2,1013.5,51.8
1944-02-22T12:00:00,42555099999,JHALAWAR,24.533,76.167,26.7,1009.8,24.92
1944-02-23T03:00:00,42555099999,JHALAWAR,24.533,76.167,16.1,1014.1,67.13
1944-02-23T12:00:00,42555099999,JHALAWAR,24.533,76.167,26.7,1008.0,30.22
1944-02-24T03:00:00,42555099999,JHALAWAR,24.533,76.167,16.7,1015.7,69.53
1944-02-24T12:00:00,42555099999,JHALAWAR,24.533,76.167,29.4,1011.4,24.79
1944-02-25T03:00:00,42555099999,JHALAWAR,24.533,76.167,18.3,1015.1,70.3
1944-02-25T12:00:00,42555099999,JHALAWAR,24.533,76.167,26.1,1012.7,50.43
1944-02-26T03:00:00,42555099999,JHALAWAR,24.533,76.167,17.2,1019.7,80.94
1944-02-26T12:00:00,42555099999,JHALAWAR,24.533,76.167,28.3,1014.1,29.65
1944-02-27T03:00:00,42555099999,JHALAWAR,24.533,76.167,16.7,1015.3,60.01
1944-02-27T12:00:00,42555099999,JHALAWAR,24.533,76.167,30.6,1011.2,24.93
1944-02-28T03:00:00,42555099999,JHALAWAR,24.533,76.167,19.4,1015.2,61.06
1944-02-28T12:00:00,42555099999,JHALAWAR,24.533,76.167,31.7,1009.1,25.23
1944-02-29T03:00:00,42555099999,JHALAWAR,24.533,76.167,20.0,1014.2,58.83
1944-02-29T12:00:00,42555099999,JHALAWAR,24.533,76.167,28.3,1009.0,34.35
1944-03-01T03:00:00,42555099999,JHALAWAR,24.533,76.167,19.4,1016.0,50.65
1944-03-01T12:00:00,42555099999,JHALAWAR,24.533,76.167,29.4,1010.9,19.72
1944-03-02T03:00:00,42555099999,JHALAWAR,24.533,76.167,20.0,1016.6,29.59
1944-03-02T12:00:00,42555099999,JHALAWAR,24.533,76.167,30.0,1010.8,
1944-03-03T03:00:00,42555099999,JHALAWAR,24.533,76.167,20.6,1014.0,26.35
1944-03-03T12:00:00,42555099999,JHALAWAR,24.533,76.167,32.2,1007.4,26.57
1944-03-04T03:00:00,42555099999,JHALAWAR,24.533,76.167,18.3,1015.2,84.27
1944-03-04T12:00:00,42555099999,JHALAWAR,24.533,76.167,32.8,1008.3,35.6
1944-03-05T03:00:00,42555099999,JHALAWAR,24.533,76.167,20.6,1013.5,75.42
1944-03-06T03:00:00,42555099999,JHALAWAR,24.533,76.167,20.0,1013.5,70.17
1944-03-06T12:00:00,42555099999,JHALAWAR,24.533,76.167,31.7,1008.1,43.57
1944-03-07T03:00:00,42555099999,JHALAWAR,24.533,76.167,20.0,1012.0,60.8
1944-03-07T12:00:00,42555099999,JHALAWAR,24.533,76.167,30.0,1006.0,19.73
1944-03-09T03:00:00,42555099999,JHALAWAR,24.533,76.167,18.9,1012.8,69.96
1944-03-09T12:00:00,42555099999,JHALAWAR,24.533,76.167,31.7,1007.9,29.4
1944-03-10T03:00:00,42555099999,JHALAWAR,24.533,76.167,20.0,1013.9,60.8
1944-03-10T12:00:00,42555099999,JHALAWAR,24.533,76.167,31.1,1008.1,25.24
1944-03-11T03:00:00,42555099999,JHALAWAR,24.533,76.167,18.3,1014.6,81.09
1944-03-11T12:00:00,42555099999,JHALAWAR,24.533,76.167,30.0,1008.5,
1944-03-12T03:00:00,42555099999,JHALAWAR,24.533,76.167,19.4,1018.7,70.51
1944-03-12T12:00:00,42555099999,JHALAWAR,24.533,76.167,33.3,1009.1,10.18
1944-03-13T03:00:00,42555099999,JHALAWAR,24.533,76.167,20.0,1014.8,34.59
1944-03-13T12:00:00,42555099999,JHALAWAR,24.533,76.167,32.8,1008.6,5.5
1944-03-14T03:00:00,42555099999,JHALAWAR,24.533,76.167,18.3,1013.7,35.58
1944-03-14T12:00:00,42555099999,JHALAWAR,24.533,76.167,32.2,1008.0,14.38
1944-03-15T03:00:00,42555099999,JHALAWAR,24.533,76.167,21.1,1013.7,40.62
1944-03-15T12:00:00,42555099999,JHALAWAR,24.533,76.167,31.7,1008.7,14.79
1944-03-16T03:00:00,42555099999,JHALAWAR,24.533,76.167,21.7,1015.8,40.79
1944-03-16T12:00:00,42555099999,JHALAWAR,24.533,76.167,31.1,1010.8,15.3
1944-03-17T03:00:00,42555099999,JHALAWAR,24.533,76.167,19.4,1015.2,40.42
1944-03-17T12:00:00,42555099999,JHALAWAR,24.533,76.167,32.8,1009.1,
1944-03-18T03:00:00,42555099999,JHALAWAR,24.533,76.167,20.6,1013.3,34.52
1944-03-18T12:00:00,42555099999,JHALAWAR,24.533,76.167,34.4,1006.4,9.93
1944-03-19T03:00:00,42555099999,JHALAWAR,24.533,76.167,22.2,1012.0,35.22
1944-03-19T12:00:00,42555099999,JHALAWAR,24.533,76.167,31.7,1008.3,17.29
1944-03-20T03:00:00,42555099999,JHALAWAR,24.533,76.167,21.1,1014.9,42.32
1944-03-20T12:00:00,42555099999,JHALAWAR,24.533,76.167,32.2,1006.8,14.9
1944-03-21T03:00:00,42555099999,JHALAWAR,24.533,76.167,18.9,1015.0,69.96
1944-03-21T12:00:00,42555099999,JHALAWAR,24.533,76.167,24.4,1009.8,37.33
1944-03-22T03:00:00,42555099999,JHALAWAR,24.533,76.167,18.9,1015.5,69.96
1944-03-22T12:00:00,42555099999,JHALAWAR,24.533,76.167,28.9,1009.3,29.62
1944-03-23T03:00:00,42555099999,JHALAWAR,24.533,76.167,20.0,1012.7,60.8
1944-03-23T12:00:00,42555099999,JHALAWAR,24.533,76.167,30.6,1007.4,19.88
1944-03-24T03:00:00,42555099999,JHALAWAR,24.533,76.167,22.8,1012.1,35.39
1944-03-24T12:00:00,42555099999,JHALAWAR,24.533,76.167,30.0,1008.4,30.12
1944-03-25T03:00:00,42555099999,JHALAWAR,24.533,76.167,22.8,1014.1,70.7
1944-03-26T03:00:00,42555099999,JHALAWAR,24.533,76.167,21.7,1011.4,65.7
1944-03-26T12:00:00,42555099999,JHALAWAR,24.533,76.167,32.8,1004.2,15.03
1944-03-27T03:00:00,42555099999,JHALAWAR,24.533,76.167,21.7,1008.7,49.26
1944-03-27T12:00:00,42555099999,JHALAWAR,24.533,76.167,31.7,1005.2,14.79
1944-03-28T03:00:00,42555099999,JHALAWAR,24.533,76.167,18.9,1010.0,69.96
1944-03-28T12:00:00,42555099999,JHALAWAR,24.533,76.167,23.9,1006.8,30.7
1944-03-29T03:00:00,42555099999,JHALAWAR,24.533,76.167,18.3,1012.7,75.53
1944-03-29T12:00:00,42555099999,JHALAWAR,24.533,76.167,25.0,1008.5,25.52
1944-03-30T03:00:00,42555099999,JHALAWAR,24.533,76.167,16.7,1012.3,69.53
1944-03-30T12:00:00,42555099999,JHALAWAR,24.533,76.167,29.4,1006.6,14.93
1944-03-31T03:00:00,42555099999,JHALAWAR,24.533,76.167,19.4,1011.8,45.12
1944-03-31T12:00:00,42555099999,JHALAWAR,24.533,76.167,31.1,1007.4,20.14
1944-04-01T03:00:00,42555099999,JHALAWAR,24.533,76.167,21.1,1012.6,45.6
1944-04-01T12:00:00,42555099999,JHALAWAR,24.533,76.167,33.3,1006.8,15.14
1944-04-02T03:00:00,42555099999,JHALAWAR,24.533,76.167,22.2,1009.9,51.39
1944-04-02T12:00:00,42555099999,JHALAWAR,24.533,76.167,33.9,1003.1,20.0
1944-04-03T03:00:00,42555099999,JHALAWAR,24.533,76.167,23.3,1006.5,73.51
1944-04-03T12:00:00,42555099999,JHALAWAR,24.533,76.167,30.0,1002.1,19.73
1944-04-04T03:00:00,42555099999,JHALAWAR,24.533,76.167,21.1,1008.2,45.6
1944-04-04T12:00:00,42555099999,JHALAWAR,24.533,76.167,31.7,1004.8,14.79
1944-04-05T03:00:00,42555099999,JHALAWAR,24.533,76.167,22.8,1011.0,51.21
1944-04-05T12:00:00,42555099999,JHALAWAR,24.533,76.167,31.7,1006.4,14.79
1944-04-06T03:00:00,42555099999,JHALAWAR,24.533,76.167,22.2,1012.7,40.94
1944-04-06T12:00:00,42555099999,JHALAWAR,24.533,76.167,31.1,1007.2,15.3
1944-04-07T03:00:00,42555099999,JHALAWAR,24.533,76.167,21.1,1012.8,43.78
1944-04-07T12:00:00,42555099999,JHALAWAR,24.533,76.167,33.9,1007.6,5.69
1944-04-08T03:00:00,42555099999,JHALAWAR,24.533,76.167,22.8,1013.3,23.03
1944-04-08T12:00:00,42555099999,JHALAWAR,24.533,76.167,35.6,1008.0,5.64
1944-04-09T03:00:00,42555099999,JHALAWAR,24.533,76.167,21.7,1013.5,24.63
1944-04-10T03:00:00,42555099999,JHALAWAR,24.533,76.167,26.1,1012.4,21.2
1944-04-10T12:00:00,42555099999,JHALAWAR,24.533,76.167,37.8,1005.9,10.1
1944-04-11T03:00:00,42555099999,JHALAWAR,24.533,76.167,24.4,1009.9,25.36
1944-04-11T12:00:00,42555099999,JHALAWAR,24.533,76.167,38.3,1002.9,10.26
1944-04-12T03:00:00,42555099999,JHALAWAR,24.533,76.167,23.9,1009.0,30.7
1944-04-12T12:00:00,42555099999,JHALAWAR,24.533,76.167,36.1,1002.7,19.73
1944-04-13T03:00:00,42555099999,JHALAWAR,24.533,76.167,26.1,1009.8,48.51
1944-04-13T12:00:00,42555099999,JHALAWAR,24.533,76.167,36.1,1005.7,15.76
1944-04-14T03:00:00,42555099999,JHALAWAR,24.533,76.167,25.0,1012.0,37.25
1944-04-14T12:00:00,42555099999,JHALAWAR,24.533,76.167,36.1,1005.3,20.54
1944-04-15T03:00:00,42555099999,JHALAWAR,24.533,76.167,24.4,1012.4,46.51
1944-04-15T12:00:00,42555099999,JHALAWAR,24.533,76.167,37.8,1007.0,10.1
1944-04-16T03:00:00,42555099999,JHALAWAR,24.533,76.167,25.0,1013.6,34.58
1944-04-16T12:00:00,42555099999,JHALAWAR,24.533,76.167,38.3,1008.5,10.26
1944-04-17T03:00:00,42555099999,JHALAWAR,24.533,76.167,27.8,1010.1,30.53
1944-04-17T12:00:00,42555099999,JHALAWAR,24.533,76.167,39.4,1007.0,14.8
1944-04-18T03:00:00,42555099999,JHALAWAR,24.533,76.167,26.7,1012.6,31.27
1944-04-18T12:00:00,42555099999,JHALAWAR,24.533,76.167,38.9,1006.6,15.2
1944-04-19T03:00:00,42555099999,JHALAWAR,24.533,76.167,26.7,1012.7,30.22
1944-04-19T12:00:00,42555099999,JHALAWAR,24.533,76.167,40.0,1006.4,14.83
1944-04-20T03:00:00,42555099999,JHALAWAR,24.533,76.167,26.7,1010.9,33.68
1944-04-20T12:00:00,42555099999,JHALAWAR,24.533,76.167,41.1,1003.3,20.94
1944-04-21T03:00:00,42555099999,JHALAWAR,24.533,76.167,28.9,1009.7,34.52
1944-04-21T12:00:00,42555099999,JHALAWAR,24.533,76.167,42.2,1002.7,27.13
1944-04-22T03:00:00,42555099999,JHALAWAR,24.533,76.167,30.0,1008.3,43.11
1944-04-22T12:00:00,42555099999,JHALAWAR,24.533,76.167,41.7,1002.1,30.0
1944-04-23T03:00:00,42555099999,JHALAWAR,24.533,76.167,31.7,1008.6,40.64
1944-04-23T12:00:00,42555099999,JHALAWAR,24.533,76.167,42.2,1002.5,30.13
1944-04-24T03:00:00,42555099999,JHALAWAR,24.533,76.167,31.7,1007.7,46.68
1944-04-24T12:00:00,42555099999,JHALAWAR,24.533,76.167,41.7,1002.5,43.32
1944-04-25T12:00:00,42555099999,JHALAWAR,24.533,76.167,40.0,1003.5,10.13
1944-04-26T03:00:00,42555099999,JHALAWAR,24.533,76.167,32.2,1008.1,20.41
1944-04-26T12:00:00,42555099999,JHALAWAR,24.533,76.167,38.9,1004.5,9.93
1944-04-27T03:00:00,42555099999,JHALAWAR,24.533,76.167,29.4,1009.2,28.77
1944-04-27T12:00:00,42555099999,JHALAWAR,24.533,76.167,40.6,1002.6,11.93
1944-04-28T03:00:00,42555099999,JHALAWAR,24.533,76.167,30.0,1007.8,24.95
1944-04-28T12:00:00,42555099999,JHALAWAR,24.533,76.167,40.6,1002.6,14.95
1944-04-29T03:00:00,42555099999,JHALAWAR,24.533,76.167,29.4,1009.6,31.18
1944-04-29T12:00:00,42555099999,JHALAWAR,24.533,76.167,41.1,1002.0,15.06
1944-04-30T03:00:00,42555099999,JHALAWAR,24.533,76.167,32.8,1009.0,24.68
1944-04-30T12:00:00,42555099999,JHALAWAR,24.533,76.167,41.1,1001.2,15.68
1944-05-01T03:00:00,42555099999,JHALAWAR,24.533,76.167,31.1,1006.4,35.13
1944-05-01T12:00:00,42555099999,JHALAWAR,24.533,76.167,41.7,1000.9,18.89
1944-05-02T03:00:00,42555099999,JHALAWAR,24.533,76.167,31.1,1007.1,32.7
1944-05-02T12:00:00,42555099999,JHALAWAR,24.533,76.167,41.7,1000.9,27.85
1944-05-03T03:00:00,42555099999,JHALAWAR,24.533,76.167,28.3,1007.3,41.28
1944-05-03T12:00:00,42555099999,JHALAWAR,24.533,76.167,41.1,1001.5,25.04
1944-05-04T03:00:00,42555099999,JHALAWAR,24.533,76.167,31.1,1009.5,40.48
1944-05-04T12:00:00,42555099999,JHALAWAR,24.533,76.167,41.1,1002.6,29.84
1944-05-05T03:00:00,42555099999,JHALAWAR,24.533,76.167,33.3,1009.1,39.81
1944-05-05T12:00:00,42555099999,JHALAWAR,24.533,76.167,40.6,1004.6,29.52
1944-05-06T03:00:00,42555099999,JHALAWAR,24.533,76.167,35.0,1009.9,41.54
1944-05-06T12:00:00,42555099999,JHALAWAR,24.533,76.167,41.1,1003.3,36.51
1944-05-07T03:00:00,42555099999,JHALAWAR,24.533,76.167,32.8,1007.2,45.25
1944-05-07T12:00:00,42555099999,JHALAWAR,24.533,76.167,40.0,1003.1,36.22
1944-05-08T03:00:00,42555099999,JHALAWAR,24.533,76.167,30.6,1008.7,55.22
1944-05-08T12:00:00,42555099999,JHALAWAR,24.533,76.167,37.8,1006.0,10.1
1944-05-11T03:00:00,42555099999,JHALAWAR,24.533,76.167,34.4,1006.4,22.56
1944-05-11T12:00:00,42555099999,JHALAWAR,24.533,76.167,35.6,1004.0,21.11
1944-05-12T03:00:00,42555099999,JHALAWAR,24.533,76.167,31.7,1007.1,30.39
1944-05-12T12:00:00,42555099999,JHALAWAR,24.533,76.167,38.3,1001.9,20.4
1944-05-13T03:00:00,42555099999,JHALAWAR,24.533,76.167,30.6,1008.3,34.77
1944-05-13T12:00:00,42555099999,JHALAWAR,24.533,76.167,32.8,1005.8,38.19
1944-05-14T03:00:00,42555099999,JHALAWAR,24.533,76.167,28.3,1008.8,54.66
1944-05-14T12:00:00,42555099999,JHALAWAR,24.533,76.167,38.3,1001.3,26.28
1944-05-15T03:00:00,42555099999,JHALAWAR,24.533,76.167,33.3,1004.3,33.31
1944-05-15T12:00:00,42555099999,JHALAWAR,24.533,76.167,33.3,1000.9,41.08
1944-05-16T03:00:00,42555099999,JHALAWAR,24.533,76.167,30.6,1005.4,40.34
1944-05-16T12:00:00,42555099999,JHALAWAR,24.533,76.167,36.7,1000.7,24.71
1944-05-17T03:00:00,42555099999,JHALAWAR,24.533,76.167,32.2,1005.8,33.01
1944-05-17T12:00:00,42555099999,JHALAWAR,24.533,76.167,38.9,,19.75
1944-05-18T03:00:00,42555099999,JHALAWAR,24.533,76.167,33.3,1003.5,34.62
1944-05-18T12:00:00,42555099999,JHALAWAR,24.533,76.167,37.8,998.4,20.96
1944-05-19T03:00:00,42555099999,JHALAWAR,24.533,76.167,32.8,1002.0,25.69
1944-05-19T12:00:00,42555099999,JHALAWAR,24.533,76.167,41.1,996.6,9.15
1944-05-20T03:00:00,42555099999,JHALAWAR,24.533,76.167,31.7,1002.0,24.39
1944-05-20T12:00:00,42555099999,JHALAWAR,24.533,76.167,41.7,996.2,6.44
1944-05-21T03:00:00,42555099999,JHALAWAR,24.533,76.167,33.3,1001.8,33.31
1944-05-21T12:00:00,42555099999,JHALAWAR,24.533,76.167,42.8,996.6,10.19
1944-05-22T03:00:00,42555099999,JHALAWAR,24.533,76.167,32.8,1002.5,52.15
1944-05-22T12:00:00,42555099999,JHALAWAR,24.533,76.167,42.8,997.3,14.92
1944-05-23T03:00:00,42555099999,JHALAWAR,24.533,76.167,32.2,1003.7,57.68
1944-05-23T12:00:00,42555099999,JHALAWAR,24.533,76.167,43.3,998.0,21.61
1944-05-24T03:00:00,42555099999,JHALAWAR,24.533,76.167,32.2,1004.5,61.64
1944-05-24T12:00:00,42555099999,JHALAWAR,24.533,76.167,43.3,999.2,24.82
1944-05-25T03:00:00,42555099999,JHALAWAR,24.533,76.167,33.3,1005.7,42.65
1944-05-25T12:00:00,42555099999,JHALAWAR,24.533,76.167,43.3,998.7,25.61
1944-05-26T03:00:00,42555099999,JHALAWAR,24.533,76.167,33.3,1003.4,48.87
1944-05-26T12:00:00,42555099999,JHALAWAR,24.533,76.167,45.0,997.8,31.81
1944-05-27T03:00:00,42555099999,JHALAWAR,24.533,76.167,33.9,1004.5,50.55
1944-05-27T12:00:00,42555099999,JHALAWAR,24.533,76.167,43.9,999.3,6.22
1944-05-28T03:00:00,42555099999,JHALAWAR,24.533,76.167,32.8,1004.2,30.69
1944-05-28T12:00:00,42555099999,JHALAWAR,24.533,76.167,44.4,998.8,9.77
1944-05-29T03:00:00,42555099999,JHALAWAR,24.533,76.167,35.0,1000.8,26.27
1944-05-29T12:00:00,42555099999,JHALAWAR,24.533,76.167,45.0,995.7,14.79
1944-05-30T03:00:00,42555099999,JHALAWAR,24.533,76.167,33.9,999.9,68.15
1944-05-30T12:00:00,42555099999,JHALAWAR,24.533,76.167,45.6,994.0,10.68
1944-05-31T03:00:00,42555099999,JHALAWAR,24.533,76.167,32.2,1001.6,59.45
1944-05-31T12:00:00,42555099999,JHALAWAR,24.533,76.167,42.8,994.2,19.9
1944-06-01T03:00:00,42555099999,JHALAWAR,24.533,76.167,31.1,1003.2,65.61
1944-06-01T12:00:00,42555099999,JHALAWAR,24.533,76.167,38.9,997.9,26.27
1944-06-02T03:00:00,42555099999,JHALAWAR,24.533,76.167,30.6,1002.5,59.08
1944-06-02T12:00:00,42555099999,JHALAWAR,24.533,76.167,41.1,995.9,15.68
1944-06-03T03:00:00,42555099999,JHALAWAR,24.533,76.167,30.0,1001.4,55.08
1944-06-03T12:00:00,42555099999,JHALAWAR,24.533,76.167,38.9,996.1,25.44
1944-06-04T03:00:00,42555099999,JHALAWAR,24.533,76.167,30.0,1002.7,55.08
1944-06-04T12:00:00,42555099999,JHALAWAR,24.533,76.167,37.2,998.4,29.93
1944-06-05T03:00:00,42555099999,JHALAWAR,24.533,76.167,26.7,1006.3,64.29
1944-06-05T12:00:00,42555099999,JHALAWAR,24.533,76.167,37.8,999.3,27.0
1944-06-06T03:00:00,42555099999,JHALAWAR,24.533,76.167,27.2,1006.6,54.38
1944-06-06T12:00:00,42555099999,JHALAWAR,24.533,76.167,33.9,1001.9,39.72
1944-06-07T03:00:00,42555099999,JHALAWAR,24.533,76.167,31.1,1006.3,42.05
1944-06-07T12:00:00,42555099999,JHALAWAR,24.533,76.167,36.7,1001.3,60.46
1944-06-08T03:00:00,42555099999,JHALAWAR,24.533,76.167,31.1,1005.9,46.52
1944-06-08T12:00:00,42555099999,JHALAWAR,24.533,76.167,40.6,999.2,10.16
1944-06-09T03:00:00,42555099999,JHALAWAR,24.533,76.167,33.9,1004.1,34.56
1944-06-09T12:00:00,42555099999,JHALAWAR,24.533,76.167,37.8,999.1,20.14
1944-06-10T03:00:00,42555099999,JHALAWAR,24.533,76.167,34.4,1003.7,44.57
1944-06-10T12:00:00,42555099999,JHALAWAR,24.533,76.167,40.6,999.3,25.72
1944-06-11T03:00:00,42555099999,JHALAWAR,24.533,76.167,33.9,1004.5,54.03
1944-06-11T12:00:00,42555099999,JHALAWAR,24.533,76.167,39.4,999.3,24.77
1944-06-12T03:00:00,42555099999,JHALAWAR,24.533,76.167,30.6,1002.4,69.57
1944-06-12T12:00:00,42555099999,JHALAWAR,24.533,76.167,33.9,999.4,45.83
1944-06-13T03:00:00,42555099999,JHALAWAR,24.533,76.167,29.4,1000.6,59.17
1944-06-13T12:00:00,42555099999,JHALAWAR,24.533,76.167,37.2,994.8,45.04
1944-06-14T03:00:00,42555099999,JHALAWAR,24.533,76.167,28.9,1001.6,69.67
1944-06-14T12:00:00,42555099999,JHALAWAR,24.533,76.167,39.4,994.7,30.52
1944-06-15T03:00:00,42555099999,JHALAWAR,24.533,76.167,30.6,1000.3,59.08
1944-06-15T12:00:00,42555099999,JHALAWAR,24.533,76.167,35.6,997.4,49.17
1944-06-16T03:00:00,42555099999,JHALAWAR,24.533,76.167,27.8,1001.0,74.27
1944-06-16T12:00:00,42555099999,JHALAWAR,24.533,76.167,33.3,997.4,66.05
1944-06-17T03:00:00,42555099999,JHALAWAR,24.533,76.167,,997.2,
1944-06-17T12:00:00,42555099999,JHALAWAR,24.533,76.167,23.3,999.4,81.73
1944-06-18T03:00:00,42555099999,JHALAWAR,24.533,76.167,35.6,999.5,41.7
1944-06-18T12:00:00,42555099999,JHALAWAR,24.533,76.167,35.0,995.7,52.7
1944-06-19T03:00:00,42555099999,JHALAWAR,24.533,76.167,28.3,1000.3,77.09
1944-06-19T12:00:00,42555099999,JHALAWAR,24.533,76.167,36.7,995.2,40.48
1944-06-20T03:00:00,42555099999,JHALAWAR,24.533,76.167,28.9,998.0,74.45
1944-06-20T12:00:00,42555099999,JHALAWAR,24.533,76.167,38.3,995.2,34.67
1944-06-21T03:00:00,42555099999,JHALAWAR,24.533,76.167,30.0,1001.2,72.0
1944-06-21T12:00:00,42555099999,JHALAWAR,24.533,76.167,38.9,994.2,31.35
1944-06-22T03:00:00,42555099999,JHALAWAR,24.533,76.167,30.0,1000.2,67.39
1944-06-22T12:00:00,42555099999,JHALAWAR,24.533,76.167,38.3,994.9,30.22
1944-06-23T03:00:00,42555099999,JHALAWAR,24.533,76.167,30.0,1000.3,69.87
1944-06-23T12:00:00,42555099999,JHALAWAR,24.533,76.167,38.9,994.7,30.19
1944-06-24T03:00:00,42555099999,JHALAWAR,24.533,76.167,28.9,1001.3,74.45
1944-06-24T12:00:00,42555099999,JHALAWAR,24.533,76.167,37.2,996.9,35.46
1944-06-25T03:00:00,42555099999,JHALAWAR,24.533,76.167,29.4,1001.1,65.26
1944-06-25T12:00:00,42555099999,JHALAWAR,24.533,76.167,36.7,996.0,40.48
1944-06-26T03:00:00,42555099999,JHALAWAR,24.533,76.167,29.4,1000.5,67.68
1944-06-26T12:00:00,42555099999,JHALAWAR,24.533,76.167,36.1,995.9,35.16
1944-06-27T03:00:00,42555099999,JHALAWAR,24.533,76.167,28.9,1001.3,76.72
1944-06-27T12:00:00,42555099999,JHALAWAR,24.533,76.167,37.2,996.0,35.46
1944-06-28T03:00:00,42555099999,JHALAWAR,24.533,76.167,28.3,1003.5,74.35
1944-06-28T12:00:00,42555099999,JHALAWAR,24.533,76.167,36.1,998.5,41.83
1944-06-29T03:00:00,42555099999,JHALAWAR,24.533,76.167,30.0,1003.5,67.39
1944-06-29T12:00:00,42555099999,JHALAWAR,24.533,76.167,33.9,,54.03
1944-06-30T03:00:00,42555099999,JHALAWAR,24.533,76.167,30.0,1003.2,74.63
1944-06-30T12:00:00,42555099999,JHALAWAR,24.533,76.167,35.0,999.9,54.3
1944-07-01T03:00:00,42555099999,JHALAWAR,24.533,76.167,30.0,1003.8,79.67
1944-07-01T12:00:00,42555099999,JHALAWAR,24.533,76.167,37.2,998.6,46.69
1944-07-02T03:00:00,42555099999,JHALAWAR,24.533,76.167,25.6,1005.2,93.1
1944-07-02T12:00:00,42555099999,JHALAWAR,24.533,76.167,25.0,1002.1,93.63
1944-07-03T03:00:00,42555099999,JHALAWAR,24.533,76.167,26.1,1003.9,90.38
1944-07-03T12:00:00,42555099999,JHALAWAR,24.533,76.167,25.6,1001.7,93.1
1944-07-04T03:00:00,42555099999,JHALAWAR,24.533,76.167,26.7,1002.4,90.42
1944-07-04T12:00:00,42555099999,JHALAWAR,24.533,76.167,26.7,1000.3,90.42
1944-07-05T03:00:00,42555099999,JHALAWAR,24.533,76.167,26.7,1000.1,84.66
1944-07-05T12:00:00,42555099999,JHALAWAR,24.533,76.167,30.0,999.1,79.67
1944-07-06T03:00:00,42555099999,JHALAWAR,24.533,76.167,26.7,1001.7,84.66
1944-07-06T12:00:00,42555099999,JHALAWAR,24.533,76.167,30.0,998.9,79.67
1944-07-07T03:00:00,42555099999,JHALAWAR,24.533,76.167,26.7,1003.6,87.23
1944-07-07T12:00:00,42555099999,JHALAWAR,24.533,76.167,27.8,1000.2,81.79
1944-07-08T03:00:00,42555099999,JHALAWAR,24.533,76.167,26.7,994.8,64.29
1944-07-08T12:00:00,42555099999,JHALAWAR,24.533,76.167,30.0,999.5,79.67
1944-07-09T03:00:00,42555099999,JHALAWAR,24.533,76.167,28.3,1001.6,85.33
1944-07-09T12:00:00,42555099999,JHALAWAR,24.533,76.167,27.8,998.3,84.77
1944-07-10T03:00:00,42555099999,JHALAWAR,24.533,76.167,26.7,1000.2,84.66
1944-07-10T12:00:00,42555099999,JHALAWAR,24.533,76.167,26.1,997.9,87.71
1944-07-11T03:00:00,42555099999,JHALAWAR,24.533,76.167,26.7,1000.9,90.42
1944-07-11T12:00:00,42555099999,JHALAWAR,24.533,76.167,29.4,997.3,82.47
1944-07-12T03:00:00,42555099999,JHALAWAR,24.533,76.167,27.2,,84.71
1944-07-12T12:00:00,42555099999,JHALAWAR,24.533,76.167,31.1,997.1,67.61
1944-07-13T03:00:00,42555099999,JHALAWAR,24.533,76.167,25.0,999.2,93.63
1944-07-13T12:00:00,42555099999,JHALAWAR,24.533,76.167,29.4,994.9,69.76
1944-07-14T03:00:00,42555099999,JHALAWAR,24.533,76.167,25.0,996.9,96.48
1944-07-14T12:00:00,42555099999,JHALAWAR,24.533,76.167,33.3,990.6,54.21
1944-07-15T03:00:00,42555099999,JHALAWAR,24.533,76.167,26.7,995.5,87.23
1944-07-15T12:00:00,42555099999,JHALAWAR,24.533,76.167,28.9,992.8,79.52
1944-07-16T03:00:00,42555099999,JHALAWAR,24.533,76.167,26.7,996.8,90.42
1944-07-16T12:00:00,42555099999,JHALAWAR,24.533,76.167,28.9,995.1,76.72
1944-07-17T03:00:00,42555099999,JHALAWAR,24.533,76.167,23.9,999.5,90.23
1944-07-17T12:00:00,42555099999,JHALAWAR,24.533,76.167,28.9,995.9,74.45
1944-07-18T03:00:00,42555099999,JHALAWAR,24.533,76.167,24.4,1001.8,90.81
1944-07-19T03:00:00,42555099999,JHALAWAR,24.533,76.167,25.6,997.0,84.54
1944-07-19T12:00:00,42555099999,JHALAWAR,24.533,76.167,29.4,997.0,69.76
1944-07-20T03:00:00,42555099999,JHALAWAR,24.533,76.167,26.7,1002.9,84.66
1944-07-20T12:00:00,42555099999,JHALAWAR,24.533,76.167,27.2,998.8,84.71
1944-07-21T03:00:00,42555099999,JHALAWAR,24.533,76.167,25.6,1001.2,84.54
1944-07-21T12:00:00,42555099999,JHALAWAR,24.533,76.167,26.1,1000.3,97.08
1944-07-22T03:00:00,42555099999,JHALAWAR,24.533,76.167,25.6,1002.4,87.14
1944-07-22T12:00:00,42555099999,JHALAWAR,24.533,76.167,28.9,998.8,69.67
1944-07-23T03:00:00,42555099999,JHALAWAR,24.533,76.167,25.6,1001.2,84.54
1944-07-23T12:00:00,42555099999,JHALAWAR,24.533,76.167,29.4,997.1,67.68
1944-07-24T03:00:00,42555099999,JHALAWAR,24.533,76.167,25.6,998.2,84.54
1944-07-24T12:00:00,42555099999,JHALAWAR,24.533,76.167,30.0,995.4,65.38
1944-07-25T03:00:00,42555099999,JHALAWAR,24.533,76.167,25.6,997.8,90.34
1944-07-25T12:00:00,42555099999,JHALAWAR,24.533,76.167,27.2,996.7,87.8
1944-07-26T03:00:00,42555099999,JHALAWAR,24.533,76.167,25.0,994.6,93.63
1944-07-26T12:00:00,42555099999,JHALAWAR,24.533,76.167,21.7,994.9,93.47
1944-07-27T12:00:00,42555099999,JHALAWAR,24.533,76.167,30.6,995.8,65.11
1944-07-28T03:00:00,42555099999,JHALAWAR,24.533,76.167,25.0,1000.3,87.61
1944-07-28T12:00:00,42555099999,JHALAWAR,24.533,76.167,30.6,997.3,60.91
1944-07-29T03:00:00,42555099999,JHALAWAR,24.533,76.167,24.4,1002.0,90.81
1944-07-29T12:00:00,42555099999,JHALAWAR,24.533,76.167,29.4,999.2,
1944-07-30T03:00:00,42555099999,JHALAWAR,24.533,76.167,25.6,1002.7,84.54
1944-07-30T12:00:00,42555099999,JHALAWAR,24.533,76.167,26.1,999.7,90.38
1944-07-31T03:00:00,42555099999,JHALAWAR,24.533,76.167,26.7,1000.2,87.23
1944-07-31T12:00:00,42555099999,JHALAWAR,24.533,76.167,32.2,996.7,68.23
1944-08-01T03:00:00,42555099999,JHALAWAR,24.533,76.167,27.8,998.6,81.79
1944-08-01T12:00:00,42555099999,JHALAWAR,24.533,76.167,26.7,994.2,87.23
1944-08-02T03:00:00,42555099999,JHALAWAR,24.533,76.167,25.6,999.4,87.14
1944-08-02T12:00:00,42555099999,JHALAWAR,24.533,76.167,30.6,1001.7,63.17
1944-08-03T03:00:00,42555099999,JHALAWAR,24.533,76.167,25.0,1008.1,84.48
1944-08-03T12:00:00,42555099999,JHALAWAR,24.533,76.167,30.6,1004.7,67.51
1944-08-04T03:00:00,42555099999,JHALAWAR,24.533,76.167,25.6,1006.0,84.54
1944-08-04T12:00:00,42555099999,JHALAWAR,24.533,76.167,29.4,1002.7,65.26
1944-08-05T03:00:00,42555099999,JHALAWAR,24.533,76.167,25.6,1003.9,81.51
1944-08-05T12:00:00,42555099999,JHALAWAR,24.533,76.167,26.7,1001.0,87.23
1944-08-06T03:00:00,42555099999,JHALAWAR,24.533,76.167,25.6,1004.0,90.34
1944-08-06T12:00:00,42555099999,JHALAWAR,24.533,76.167,27.2,1002.5,84.71
1944-08-07T03:00:00,42555099999,JHALAWAR,24.533,76.167,25.0,1003.9,90.3
1944-08-07T12:00:00,42555099999,JHALAWAR,24.533,76.167,28.3,1001.8,79.44
1944-08-08T03:00:00,42555099999,JHALAWAR,24.533,76.167,26.7,1003.0,84.66
1944-08-08T12:00:00,42555099999,JHALAWAR,24.533,76.167,27.2,998.7,90.99
1944-08-09T03:00:00,42555099999,JHALAWAR,24.533,76.167,25.6,1001.5,96.49
1944-08-09T12:00:00,42555099999,JHALAWAR,24.533,76.167,26.7,998.6,87.23
1944-08-10T03:00:00,42555099999,JHALAWAR,24.533,76.167,24.4,1004.0,97.04
1944-08-10T12:00:00,42555099999,JHALAWAR,24.533,76.167,28.3,1001.4,79.44
1944-08-11T03:00:00,42555099999,JHALAWAR,24.533,76.167,24.4,1003.8,79.38
1944-08-11T12:00:00,42555099999,JHALAWAR,24.533,76.167,24.4,1000.4,97.04
1944-08-12T03:00:00,42555099999,JHALAWAR,24.533,76.167,25.0,1002.1,87.61
1944-08-12T12:00:00,42555099999,JHALAWAR,24.533,76.167,27.8,999.9,81.79
1944-08-13T03:00:00,42555099999,JHALAWAR,24.533,76.167,25.6,1004.6,84.54
1944-08-13T12:00:00,42555099999,JHALAWAR,24.533,76.167,30.0,1001.3,74.63
1944-08-14T03:00:00,42555099999,JHALAWAR,24.533,76.167,23.9,1005.7,87.52
1944-08-14T12:00:00,42555099999,JHALAWAR,24.533,76.167,30.0,1001.3,65.38
1944-08-15T03:00:00,42555099999,JHALAWAR,24.533,76.167,26.1,1004.7,84.59
1944-08-15T12:00:00,42555099999,JHALAWAR,24.533,76.167,26.7,1000.9,87.23
1944-08-16T03:00:00,42555099999,JHALAWAR,24.533,76.167,26.7,1002.5,90.42
1944-08-16T12:00:00,42555099999,JHALAWAR,24.533,76.167,32.2,997.4,63.51
1944-08-17T03:00:00,42555099999,JHALAWAR,24.533,76.167,27.2,1001.4,79.29
1944-08-17T12:00:00,42555099999,JHALAWAR,24.533,76.167,31.7,998.2,65.34
1944-08-18T03:00:00,42555099999,JHALAWAR,24.533,76.167,27.8,1003.0,79.37
1944-08-18T12:00:00,42555099999,JHALAWAR,24.533,76.167,28.3,1000.9,85.33
1944-08-19T03:00:00,42555099999,JHALAWAR,24.533,76.167,27.8,1004.9,90.49
1944-08-19T12:00:00,42555099999,JHALAWAR,24.533,76.167,31.7,1000.8,57.21
1944-08-20T03:00:00,42555099999,JHALAWAR,24.533,76.167,25.0,1004.8,90.3
1944-08-20T12:00:00,42555099999,JHALAWAR,24.533,76.167,30.0,999.4,74.63
1944-08-21T03:00:00,42555099999,JHALAWAR,24.533,76.167,26.1,1000.8,87.71
1944-08-21T12:00:00,42555099999,JHALAWAR,24.533,76.167,29.4,993.8,91.13
1944-08-22T03:00:00,42555099999,JHALAWAR,24.533,76.167,25.6,996.4,93.1
1944-08-22T12:00:00,42555099999,JHALAWAR,24.533,76.167,23.9,995.8,93.58
1944-08-23T03:00:00,42555099999,JHALAWAR,24.533,76.167,24.4,1000.7,97.04
1944-08-23T12:00:00,42555099999,JHALAWAR,24.533,76.167,28.3,998.8,72.14
1944-08-24T03:00:00,42555099999,JHALAWAR,24.533,76.167,25.0,1002.8,87.61
1944-08-24T12:00:00,42555099999,JHALAWAR,24.533,76.167,27.8,1000.8,74.27
1944-08-25T03:00:00,42555099999,JHALAWAR,24.533,76.167,25.6,1006.1,84.54
1944-08-25T12:00:00,42555099999,JHALAWAR,24.533,76.167,29.4,1000.3,67.68
1944-08-26T03:00:00,42555099999,JHALAWAR,24.533,76.167,25.0,1003.2,87.61
1944-08-26T12:00:00,42555099999,JHALAWAR,24.533,76.167,29.4,1000.7,67.68
1944-08-27T03:00:00,42555099999,JHALAWAR,24.533,76.167,25.6,1003.5,87.14
1944-08-27T12:00:00,42555099999,JHALAWAR,24.533,76.167,28.9,1000.8,65.16
1944-08-28T03:00:00,42555099999,JHALAWAR,24.533,76.167,25.0,1004.1,87.61
1944-08-28T12:00:00,42555099999,JHALAWAR,24.533,76.167,27.2,1002.5,71.94
1944-08-29T03:00:00,42555099999,JHALAWAR,24.533,76.167,23.9,1005.8,93.58
1944-08-29T12:00:00,42555099999,JHALAWAR,24.533,76.167,25.6,1004.0,90.34
1944-08-30T03:00:00,42555099999,JHALAWAR,24.533,76.167,25.0,1006.6,90.3
1944-08-30T12:00:00,42555099999,JHALAWAR,24.533,76.167,29.4,1002.5,59.17
1944-08-31T03:00:00,42555099999,JHALAWAR,24.533,76.167,24.4,1006.2,84.93
1944-08-31T12:00:00,42555099999,JHALAWAR,24.533,76.167,26.7,1004.5,66.73
1944-09-01T03:00:00,42555099999,JHALAWAR,24.533,76.167,22.8,1007.3,93.52
1944-09-01T12:00:00,42555099999,JHALAWAR,24.533,76.167,28.9,1004.2,62.8
1944-09-02T03:00:00,42555099999,JHALAWAR,24.533,76.167,24.4,1008.2,90.81
1944-09-02T12:00:00,42555099999,JHALAWAR,24.533,76.167,26.7,1006.2,76.38
1944-09-03T03:00:00,42555099999,JHALAWAR,24.533,76.167,23.9,1008.9,87.52
1944-09-03T12:00:00,42555099999,JHALAWAR,24.533,76.167,29.4,1004.7,61.01
1944-09-04T03:00:00,42555099999,JHALAWAR,24.533,76.167,23.9,1009.3,84.36
1944-09-04T12:00:00,42555099999,JHALAWAR,24.533,76.167,29.4,1004.0,63.3
1944-09-05T03:00:00,42555099999,JHALAWAR,24.533,76.167,24.4,1006.9,81.86
1944-09-06T03:00:00,42555099999,JHALAWAR,24.533,76.167,25.0,1008.7,78.98
1944-09-07T03:00:00,42555099999,JHALAWAR,24.533,76.167,25.0,1008.9,87.61
1944-09-09T03:00:00,42555099999,JHALAWAR,24.533,76.167,25.0,1008.3,87.61
1944-09-09T12:00:00,42555099999,JHALAWAR,24.533,76.167,31.1,1005.2,55.35
1944-09-10T03:00:00,42555099999,JHALAWAR,24.533,76.167,25.0,1009.8,78.98
1944-09-10T12:00:00,42555099999,JHALAWAR,24.533,76.167,32.2,1005.4,53.94
1944-09-11T03:00:00,42555099999,JHALAWAR,24.533,76.167,25.6,1009.9,79.07
1944-09-11T12:00:00,42555099999,JHALAWAR,24.533,76.167,32.2,1006.2,53.94
1944-09-12T03:00:00,42555099999,JHALAWAR,24.533,76.167,26.7,1009.5,81.65
1944-09-12T12:00:00,42555099999,JHALAWAR,24.533,76.167,33.3,1005.2,57.93
1944-09-13T03:00:00,42555099999,JHALAWAR,24.533,76.167,27.8,1007.9,79.37
1944-09-13T12:00:00,42555099999,JHALAWAR,24.533,76.167,32.8,1003.9,55.76
1944-09-14T03:00:00,42555099999,JHALAWAR,24.533,76.167,28.3,1008.6,79.44
1944-09-14T12:00:00,42555099999,JHALAWAR,24.533,76.167,31.7,1004.1,59.33
1944-09-15T03:00:00,42555099999,JHALAWAR,24.533,76.167,27.2,1008.7,82.2
1944-09-15T12:00:00,42555099999,JHALAWAR,24.533,76.167,30.6,1004.3,67.51
1944-09-16T03:00:00,42555099999,JHALAWAR,24.533,76.167,26.7,1008.3,79.22
1944-09-16T12:00:00,42555099999,JHALAWAR,24.533,76.167,27.2,1004.8,74.17
1944-09-17T03:00:00,42555099999,JHALAWAR,24.533,76.167,26.7,1007.5,79.22
1944-09-17T12:00:00,42555099999,JHALAWAR,24.533,76.167,27.2,1003.6,82.2
1944-09-18T03:00:00,42555099999,JHALAWAR,24.533,76.167,26.7,1006.5,79.22
1944-09-18T12:00:00,42555099999,JHALAWAR,24.533,76.167,25.6,1003.6,87.14
1944-09-19T03:00:00,42555099999,JHALAWAR,24.533,76.167,25.0,1007.5,87.61
1944-09-19T12:00:00,42555099999,JHALAWAR,24.533,76.167,31.1,1002.9,61.39
1944-09-20T03:00:00,42555099999,JHALAWAR,24.533,76.167,26.7,1005.9,81.65
1944-09-20T12:00:00,42555099999,JHALAWAR,24.533,76.167,32.2,1002.5,50.42
1944-09-21T03:00:00,42555099999,JHALAWAR,24.533,76.167,26.1,1006.2,82.07
1944-09-21T12:00:00,42555099999,JHALAWAR,24.533,76.167,33.3,1000.6,42.65
1944-09-22T03:00:00,42555099999,JHALAWAR,24.533,76.167,25.0,1006.9,76.59
1944-09-22T12:00:00,42555099999,JHALAWAR,24.533,76.167,33.3,1002.5,44.0
1944-09-23T03:00:00,42555099999,JHALAWAR,24.533,76.167,25.0,1008.3,78.98
1944-09-23T12:00:00,42555099999,JHALAWAR,24.533,76.167,27.2,1004.1,64.8
1944-09-24T03:00:00,42555099999,JHALAWAR,24.533,76.167,25.6,1010.4,79.07
1944-09-24T12:00:00,42555099999,JHALAWAR,24.533,76.167,31.7,1006.6,36.46
1944-09-25T03:00:00,42555099999,JHALAWAR,24.533,76.167,25.6,1010.8,76.21
1944-09-25T12:00:00,42555099999,JHALAWAR,24.533,76.167,32.2,1006.5,43.7
1944-09-26T03:00:00,42555099999,JHALAWAR,24.533,76.167,23.9,1010.3,84.36
1944-09-26T12:00:00,42555099999,JHALAWAR,24.533,76.167,32.8,1007.1,39.42
1944-09-27T03:00:00,42555099999,JHALAWAR,24.533,76.167,23.9,1010.2,78.83
1944-09-27T12:00:00,42555099999,JHALAWAR,24.533,76.167,33.3,1005.9,37.13
1944-09-28T03:00:00,42555099999,JHALAWAR,24.533,76.167,24.4,1008.5,73.7
1944-09-28T12:00:00,42555099999,JHALAWAR,24.533,76.167,33.3,1004.1,34.62
1944-09-29T03:00:00,42555099999,JHALAWAR,24.533,76.167,23.3,1007.9,71.24
1944-09-29T12:00:00,42555099999,JHALAWAR,24.533,76.167,34.4,1003.2,30.14
1944-09-30T03:00:00,42555099999,JHALAWAR,24.533,76.167,22.8,1008.9,75.77
1944-09-30T12:00:00,42555099999,JHALAWAR,24.533,76.167,33.3,1005.6,27.76
1944-10-01T12:00:00,42555099999,JHALAWAR,24.533,76.167,32.2,1006.1,25.53
1944-10-02T03:00:00,42555099999,JHALAWAR,24.533,76.167,23.3,1008.0,84.81
1944-10-03T03:00:00,42555099999,JHALAWAR,24.533,76.167,22.8,1007.9,81.16
1944-10-03T12:00:00,42555099999,JHALAWAR,24.533,76.167,28.9,1003.8,52.79
1944-10-04T03:00:00,42555099999,JHALAWAR,24.533,76.167,22.8,1009.6,90.15
1944-10-04T12:00:00,42555099999,JHALAWAR,24.533,76.167,30.6,1005.8,76.97
1944-10-05T03:00:00,42555099999,JHALAWAR,24.533,76.167,25.0,1010.3,84.48
1944-10-05T12:00:00,42555099999,JHALAWAR,24.533,76.167,30.6,1006.3,65.11
1944-10-06T03:00:00,42555099999,JHALAWAR,24.533,76.167,25.6,1009.9,81.51
1944-10-06T12:00:00,42555099999,JHALAWAR,24.533,76.167,30.6,1005.9,59.08
1944-10-07T03:00:00,42555099999,JHALAWAR,24.533,76.167,24.4,1009.4,81.86
1944-10-07T12:00:00,42555099999,JHALAWAR,24.533,76.167,32.2,1005.9,43.7
1944-10-08T03:00:00,42555099999,JHALAWAR,24.533,76.167,23.9,1010.4,75.95
1944-10-08T12:00:00,42555099999,JHALAWAR,24.533,76.167,32.2,1008.1,31.74
1944-10-09T03:00:00,42555099999,JHALAWAR,24.533,76.167,22.2,1014.8,53.11
1944-10-09T12:00:00,42555099999,JHALAWAR,24.533,76.167,32.2,1011.7,21.12
1944-10-10T03:00:00,42555099999,JHALAWAR,24.533,76.167,20.6,1016.0,70.29
1944-10-10T12:00:00,42555099999,JHALAWAR,24.533,76.167,32.2,1010.5,30.72
1944-10-11T03:00:00,42555099999,JHALAWAR,24.533,76.167,21.1,1014.4,75.98
1944-10-11T12:00:00,42555099999,JHALAWAR,24.533,76.167,31.7,1009.8,27.33
1944-10-12T03:00:00,42555099999,JHALAWAR,24.533,76.167,20.6,1015.2,70.29
1944-10-12T12:00:00,42555099999,JHALAWAR,24.533,76.167,31.7,1010.8,27.33
1944-10-13T03:00:00,42555099999,JHALAWAR,24.533,76.167,20.6,1016.1,62.96
1944-10-13T12:00:00,42555099999,JHALAWAR,24.533,76.167,31.1,1010.2,14.66
1944-10-14T03:00:00,42555099999,JHALAWAR,24.533,76.167,16.7,1015.4,62.07
1944-10-14T12:00:00,42555099999,JHALAWAR,24.533,76.167,31.1,1009.0,13.54
1944-10-15T03:00:00,42555099999,JHALAWAR,24.533,76.167,17.2,1013.6,75.35
1944-10-15T12:00:00,42555099999,JHALAWAR,24.533,76.167,30.6,1008.1,18.4
1944-10-16T03:00:00,42555099999,JHALAWAR,24.533,76.167,19.4,1012.8,70.51
1944-10-16T12:00:00,42555099999,JHALAWAR,24.533,76.167,30.0,1008.4,24.95
1944-10-17T03:00:00,42555099999,JHALAWAR,24.533,76.167,21.1,1013.7,56.81
1944-10-17T12:00:00,42555099999,JHALAWAR,24.533,76.167,30.6,1007.9,31.3
1944-10-19T03:00:00,42555099999,JHALAWAR,24.533,76.167,21.7,1015.8,58.85
1944-10-19T12:00:00,42555099999,JHALAWAR,24.533,76.167,31.7,1010.9,25.23
1944-10-20T03:00:00,42555099999,JHALAWAR,24.533,76.167,20.0,1016.1,72.94
1944-10-20T12:00:00,42555099999,JHALAWAR,24.533,76.167,31.1,1006.0,22.48
1944-10-21T03:00:00,42555099999,JHALAWAR,24.533,76.167,19.4,1017.4,67.81
1944-10-21T12:00:00,42555099999,JHALAWAR,24.533,76.167,28.9,1009.2,27.5
1944-10-22T03:00:00,42555099999,JHALAWAR,24.533,76.167,18.3,1012.5,62.85
1944-10-22T12:00:00,42555099999,JHALAWAR,24.533,76.167,31.7,1007.4,37.89
1944-10-23T03:00:00,42555099999,JHALAWAR,24.533,76.167,18.3,1012.2,52.09
1944-10-23T12:00:00,42555099999,JHALAWAR,24.533,76.167,31.7,1007.2,18.67
1944-10-24T03:00:00,42555099999,JHALAWAR,24.533,76.167,18.9,1014.1,54.04
1944-10-24T12:00:00,42555099999,JHALAWAR,24.533,76.167,31.7,1008.8,21.73
1944-10-25T03:00:00,42555099999,JHALAWAR,24.533,76.167,18.9,1013.3,62.99
1944-10-25T12:00:00,42555099999,JHALAWAR,24.533,76.167,,1007.4,
1944-10-26T03:00:00,42555099999,JHALAWAR,24.533,76.167,18.3,1012.3,58.41
1944-10-26T12:00:00,42555099999,JHALAWAR,24.533,76.167,31.7,1006.5,17.29
1944-10-27T03:00:00,42555099999,JHALAWAR,24.533,76.167,18.9,1011.9,62.99
1944-10-27T12:00:00,42555099999,JHALAWAR,24.533,76.167,31.7,1006.7,57.21
1944-10-28T03:00:00,42555099999,JHALAWAR,24.533,76.167,21.7,1011.2,58.85
1944-10-28T12:00:00,42555099999,JHALAWAR,24.533,76.167,29.4,967.8,65.26
1944-10-29T03:00:00,42555099999,JHALAWAR,24.533,76.167,23.3,1011.9,51.68
1944-10-29T12:00:00,42555099999,JHALAWAR,24.533,76.167,27.2,1012.3,35.44
1944-10-30T03:00:00,42555099999,JHALAWAR,24.533,76.167,21.1,1011.1,68.16
1944-10-30T12:00:00,42555099999,JHALAWAR,24.533,76.167,31.1,1005.6,27.17
1944-10-31T12:00:00,42555099999,JHALAWAR,24.533,76.167,31.7,1006.4,29.4
1944-11-01T03:00:00,42555099999,JHALAWAR,24.533,76.167,22.8,1010.1,65.93
1944-11-01T12:00:00,42555099999,JHALAWAR,24.533,76.167,31.7,1004.7,35.07
1944-11-02T03:00:00,42555099999,JHALAWAR,24.533,76.167,22.2,1009.1,66.22
1944-11-02T12:00:00,42555099999,JHALAWAR,24.533,76.167,26.7,1004.5,62.32
1944-11-03T03:00:00,42555099999,JHALAWAR,24.533,76.167,,1013.3,
1944-11-03T12:00:00,42555099999,JHALAWAR,24.533,76.167,30.6,1006.3,32.35
1944-11-04T03:00:00,42555099999,JHALAWAR,24.533,76.167,20.0,1011.5,65.34
1944-11-04T12:00:00,42555099999,JHALAWAR,24.533,76.167,31.1,1007.1,24.23
1944-11-05T03:00:00,42555099999,JHALAWAR,24.533,76.167,17.8,1012.3,64.86
1944-11-05T12:00:00,42555099999,JHALAWAR,24.533,76.167,26.7,1007.8,32.56
1944-11-06T03:00:00,42555099999,JHALAWAR,24.533,76.167,18.9,1012.8,56.26
1944-11-06T12:00:00,42555099999,JHALAWAR,24.533,76.167,30.0,1008.6,22.2
1944-11-07T03:00:00,42555099999,JHALAWAR,24.533,76.167,17.8,1014.0,64.86
1944-11-07T12:00:00,42555099999,JHALAWAR,24.533,76.167,29.4,1009.7,21.3
1944-11-08T03:00:00,42555099999,JHALAWAR,24.533,76.167,18.3,1014.5,58.41
1944-11-08T12:00:00,42555099999,JHALAWAR,24.533,76.167,29.4,1010.1,18.25
1944-11-09T03:00:00,42555099999,JHALAWAR,24.533,76.167,15.0,1015.3,64.24
1944-11-09T12:00:00,42555099999,JHALAWAR,24.533,76.167,29.4,1006.2,16.16
1944-11-10T03:00:00,42555099999,JHALAWAR,24.533,76.167,16.1,1015.0,57.87
1944-11-10T12:00:00,42555099999,JHALAWAR,24.533,76.167,28.9,1009.5,20.3
1944-11-11T03:00:00,42555099999,JHALAWAR,24.533,76.167,15.6,1013.0,59.75
1944-11-11T12:00:00,42555099999,JHALAWAR,24.533,76.167,30.0,1006.6,23.14
1944-11-12T03:00:00,42555099999,JHALAWAR,24.533,76.167,16.7,1011.2,51.67
1944-11-12T12:00:00,42555099999,JHALAWAR,24.533,76.167,28.9,1006.6,21.02
1944-11-13T03:00:00,42555099999,JHALAWAR,24.533,76.167,17.8,1012.9,62.74
1944-11-13T12:00:00,42555099999,JHALAWAR,24.533,76.167,29.4,1009.1,21.3
1944-11-14T03:00:00,42555099999,JHALAWAR,24.533,76.167,17.2,1015.0,58.14
1944-11-14T12:00:00,42555099999,JHALAWAR,24.533,76.167,28.9,1011.5,22.85
1944-11-15T03:00:00,42555099999,JHALAWAR,24.533,76.167,16.7,1017.0,62.07
1944-11-15T12:00:00,42555099999,JHALAWAR,24.533,76.167,28.9,1012.2,
1944-11-16T03:00:00,42555099999,JHALAWAR,24.533,76.167,16.7,1017.9,67.26
1944-11-16T12:00:00,42555099999,JHALAWAR,24.533,76.167,28.3,1012.8,23.66
1944-11-17T03:00:00,42555099999,JHALAWAR,24.533,76.167,15.6,1017.6,61.81
1944-11-17T12:00:00,42555099999,JHALAWAR,24.533,76.167,27.8,1013.3,16.38
1944-11-18T03:00:00,42555099999,JHALAWAR,24.533,76.167,13.3,1019.2,57.17
1944-11-18T12:00:00,42555099999,JHALAWAR,24.533,76.167,27.2,1014.4,11.72
1944-11-19T03:00:00,42555099999,JHALAWAR,24.533,76.167,12.2,1018.6,64.05
1944-11-19T12:00:00,42555099999,JHALAWAR,24.533,76.167,26.1,1011.6,23.91
1944-11-20T03:00:00,42555099999,JHALAWAR,24.533,76.167,11.7,1017.0,66.2
1944-11-20T12:00:00,42555099999,JHALAWAR,24.533,76.167,26.7,1011.8,18.92
1944-11-21T03:00:00,42555099999,JHALAWAR,24.533,76.167,12.2,1017.8,66.3
1944-11-22T03:00:00,42555099999,JHALAWAR,24.533,76.167,11.7,1016.4,73.91
1944-11-22T12:00:00,42555099999,JHALAWAR,24.533,76.167,26.7,1011.0,18.25
1944-11-23T03:00:00,42555099999,JHALAWAR,24.533,76.167,11.7,1015.3,68.53
1944-11-23T12:00:00,42555099999,JHALAWAR,24.533,76.167,27.2,1009.8,23.21
1944-11-24T03:00:00,42555099999,JHALAWAR,24.533,76.167,11.7,1013.0,73.91
1944-11-24T12:00:00,42555099999,JHALAWAR,24.533,76.167,27.8,1006.7,11.31
1944-11-25T03:00:00,42555099999,JHALAWAR,24.533,76.167,12.8,1002.0,71.62
1944-11-25T12:00:00,42555099999,JHALAWAR,24.533,76.167,28.3,1007.1,27.52
1944-11-26T03:00:00,42555099999,JHALAWAR,24.533,76.167,13.3,1012.6,69.32
1944-11-26T12:00:00,42555099999,JHALAWAR,24.533,76.167,27.2,1007.7,27.22
1944-11-27T03:00:00,42555099999,JHALAWAR,24.533,76.167,13.3,1013.7,69.32
1944-11-27T12:00:00,42555099999,JHALAWAR,24.533,76.167,26.7,1008.0,28.03
1944-11-28T03:00:00,42555099999,JHALAWAR,24.533,76.167,13.3,1014.0,69.32
1944-11-28T12:00:00,42555099999,JHALAWAR,24.533,76.167,26.7,1008.9,26.9
1944-11-29T03:00:00,42555099999,JHALAWAR,24.533,76.167,11.7,1014.4,73.91
1944-11-29T12:00:00,42555099999,JHALAWAR,24.533,76.167,26.1,1009.3,25.82
1944-11-30T03:00:00,42555099999,JHALAWAR,24.533,76.167,9.4,1014.3,79.87
1944-11-30T12:00:00,42555099999,JHALAWAR,24.533,76.167,26.1,1009.0,25.82
1944-12-01T03:00:00,42555099999,JHALAWAR,24.533,76.167,11.1,1014.3,80.11
1944-12-01T12:00:00,42555099999,JHALAWAR,24.533,76.167,26.7,1009.6,22.12
1944-12-02T03:00:00,42555099999,JHALAWAR,24.533,76.167,10.6,1016.1,79.5
1944-12-02T12:00:00,42555099999,JHALAWAR,24.533,76.167,27.2,1010.2,17.72
1944-12-03T03:00:00,42555099999,JHALAWAR,24.533,76.167,11.7,1015.6,73.91
1944-12-03T12:00:00,42555099999,JHALAWAR,24.533,76.167,27.8,1009.3,27.2
1944-12-04T03:00:00,42555099999,JHALAWAR,24.533,76.167,10.0,1015.4,89.18
1944-12-04T12:00:00,42555099999,JHALAWAR,24.533,76.167,27.8,1010.3,26.28
1944-12-05T03:00:00,42555099999,JHALAWAR,24.533,76.167,15.6,1016.1,72.15
1944-12-05T12:00:00,42555099999,JHALAWAR,24.533,76.167,28.9,1011.5,26.58
1944-12-06T03:00:00,42555099999,JHALAWAR,24.533,76.167,12.8,1017.8,79.81
1944-12-06T12:00:00,42555099999,JHALAWAR,24.533,76.167,27.8,1013.5,29.32
1944-12-07T03:00:00,42555099999,JHALAWAR,24.533,76.167,10.6,1018.7,85.68
1944-12-07T12:00:00,42555099999,JHALAWAR,24.533,76.167,28.3,1013.7,27.52
1944-12-08T03:00:00,42555099999,JHALAWAR,24.533,76.167,5.6,1017.4,
1944-12-08T12:00:00,42555099999,JHALAWAR,24.533,76.167,28.3,1010.8,35.75
1944-12-09T03:00:00,42555099999,JHALAWAR,24.533,76.167,18.3,1014.4,65.4
1944-12-09T12:00:00,42555099999,JHALAWAR,24.533,76.167,27.2,1009.8,38.12
1944-12-10T03:00:00,42555099999,JHALAWAR,24.533,76.167,15.0,1015.2,69.19
1944-12-10T12:00:00,42555099999,JHALAWAR,24.533,76.167,26.7,1011.7,40.57
1944-12-11T03:00:00,42555099999,JHALAWAR,24.533,76.167,13.3,1016.2,74.69
1944-12-11T12:00:00,42555099999,JHALAWAR,24.533,76.167,24.4,1013.4,37.33
1944-12-12T03:00:00,42555099999,JHALAWAR,24.533,76.167,10.6,1017.5,76.82
1944-12-12T12:00:00,42555099999,JHALAWAR,24.533,76.167,26.1,1011.2,43.72
1944-12-13T03:00:00,42555099999,JHALAWAR,24.533,76.167,13.3,1014.2,80.42
1944-12-13T12:00:00,42555099999,JHALAWAR,24.533,76.167,28.9,1007.8,38.34
1944-12-14T03:00:00,42555099999,JHALAWAR,24.533,76.167,14.4,1012.3,61.96
1944-12-14T12:00:00,42555099999,JHALAWAR,24.533,76.167,23.3,1008.0,35.53
1944-12-15T03:00:00,42555099999,JHALAWAR,24.533,76.167,9.4,1013.6,70.97
1944-12-15T12:00:00,42555099999,JHALAWAR,24.533,76.167,22.2,1009.5,32.63
1944-12-16T03:00:00,42555099999,JHALAWAR,24.533,76.167,9.4,1014.1,63.41
1944-12-16T12:00:00,42555099999,JHALAWAR,24.533,76.167,,1008.9,
1944-12-17T03:00:00,42555099999,JHALAWAR,24.533,76.167,10.6,1015.5,65.5
1944-12-17T12:00:00,42555099999,JHALAWAR,24.533,76.167,25.0,1018.0,48.22
1944-12-18T03:00:00,42555099999,JHALAWAR,24.533,76.167,12.2,1017.0,66.3
1944-12-18T12:00:00,42555099999,JHALAWAR,24.533,76.167,25.0,1011.5,64.33
1944-12-19T03:00:00,42555099999,JHALAWAR,24.533,76.167,16.1,1017.8,59.87
1944-12-19T12:00:00,42555099999,JHALAWAR,24.533,76.167,25.0,1012.4,61.94
1944-12-20T03:00:00,42555099999,JHALAWAR,24.533,76.167,13.3,1016.2,80.42
1944-12-20T12:00:00,42555099999,JHALAWAR,24.533,76.167,27.2,1011.8,44.02
1944-12-21T03:00:00,42555099999,JHALAWAR,24.533,76.167,17.2,1015.1,72.44
1944-12-21T12:00:00,42555099999,JHALAWAR,24.533,76.167,29.4,1010.5,37.25
1944-12-22T03:00:00,42555099999,JHALAWAR,24.533,76.167,15.6,1015.7,69.31
1944-12-22T12:00:00,42555099999,JHALAWAR,24.533,76.167,28.3,1009.9,36.94
1944-12-23T03:00:00,42555099999,JHALAWAR,24.533,76.167,13.9,1015.6,80.5
1944-12-23T12:00:00,42555099999,JHALAWAR,24.533,76.167,26.1,1011.1,37.81
1944-12-24T03:00:00,42555099999,JHALAWAR,24.533,76.167,12.2,1016.2,74.5
1944-12-24T12:00:00,42555099999,JHALAWAR,24.533,76.167,23.3,1011.8,39.88
1944-12-25T03:00:00,42555099999,JHALAWAR,24.533,76.167,11.1,1016.6,66.07
1944-12-25T12:00:00,42555099999,JHALAWAR,24.533,76.167,23.3,1012.3,30.53
1944-12-26T03:00:00,42555099999,JHALAWAR,24.533,76.167,10.0,1017.8,76.72
1944-12-26T12:00:00,42555099999,JHALAWAR,24.533,76.167,24.4,1013.5,32.14
1944-12-27T03:00:00,42555099999,JHALAWAR,24.533,76.167,12.2,1018.2,64.05
1944-12-27T12:00:00,42555099999,JHALAWAR,24.533,76.167,26.7,1011.8,39.25
1944-12-28T03:00:00,42555099999,JHALAWAR,24.533,76.167,14.4,1015.5,69.54
1944-12-28T12:00:00,42555099999,JHALAWAR,24.533,76.167,26.7,1011.8,36.49
1944-12-29T03:00:00,42555099999,JHALAWAR,24.533,76.167,13.3,1016.3,64.3
1944-12-29T12:00:00,42555099999,JHALAWAR,24.533,76.167,26.1,1013.0,37.81
1944-12-30T03:00:00,42555099999,JHALAWAR,24.533,76.167,16.1,1016.7,64.49
1944-12-30T12:00:00,42555099999,JHALAWAR,24.533,76.167,25.0,1013.7,43.41
1944-12-31T03:00:00,42555099999,JHALAWAR,24.533,76.167,14.4,1016.7,77.94
1944-12-31T12:00:00,42555099999,JHALAWAR,24.533,76.167,20.0,1011.8,60.8
