timestamp,station_id,station_name,latitude,longitude,temperature,pressure,humidity
1983-01-01T00:00:00,42724099999,AGARTALA,23.887,91.24,7.8,1016.3,97.31
1983-01-01T03:00:00,42724099999,AGARTALA,23.887,91.24,15.0,1018.7,91.34
1983-01-01T09:00:00,42724099999,AGARTALA,23.887,91.24,22.0,1014.7,43.16
1983-01-01T12:00:00,42724099999,AGARTALA,23.887,91.24,16.4,1014.7,73.25
1983-01-01T15:00:00,42724099999,AGARTALA,23.887,91.24,12.0,1015.2,92.98
1983-01-01T18:00:00,42724099999,AGARTALA,23.887,91.24,10.4,1014.9,87.42
1983-01-02T03:00:00,42724099999,AGARTALA,23.887,91.24,16.0,1016.7,79.21
1983-01-02T06:00:00,42724099999,AGARTALA,23.887,91.24,21.4,1015.1,49.51
1983-01-02T09:00:00,42724099999,AGARTALA,23.887,91.24,23.2,1013.4,42.06
1983-01-02T12:00:00,42724099999,AGARTALA,23.887,91.24,17.8,,67.04
1983-01-02T15:00:00,42724099999,AGARTALA,23.887,91.24,,1014.9,
1983-01-03T00:00:00,42724099999,AGARTALA,23.887,91.24,22.0,1016.5,43.16
1983-01-03T06:00:00,42724099999,AGARTALA,23.887,91.24,22.0,1016.5,40.33
1983-01-03T09:00:00,42724099999,AGARTALA,23.887,91.24,23.4,1014.5,31.85
1983-01-05T00:00:00,42724099999,AGARTALA,23.887,91.24,7.4,1016.8,94.02
1983-01-06T00:00:00,42724099999,AGARTALA,23.887,91.24,6.8,1014.8,93.99
1983-01-07T06:00:00,42724099999,AGARTALA,23.887,91.24,22.4,1016.0,48.15
1983-01-07T09:00:00,42724099999,AGARTALA,23.887,91.24,22.8,1013.1,42.8
1983-01-07T15:00:00,42724099999,AGARTALA,23.887,91.24,,1014.0,
1983-01-08T00:00:00,42724099999,AGARTALA,23.887,91.24,8.2,1015.4,100.0
1983-01-08T03:00:00,42724099999,AGARTALA,23.887,91.24,14.4,1017.1,82.19
1983-01-08T09:00:00,42724099999,AGARTALA,23.887,91.24,23.4,1013.4,38.32
1983-01-08T12:00:00,42724099999,AGARTALA,23.887,91.24,19.0,,63.85
1983-01-08T18:00:00,42724099999,AGARTALA,23.887,91.24,19.0,1014.2,66.41
1983-01-09T06:00:00,42724099999,AGARTALA,23.887,91.24,23.4,1015.9,49.39
1983-01-09T12:00:00,42724099999,AGARTALA,23.887,91.24,20.8,1014.3,74.97
1983-01-10T06:00:00,42724099999,AGARTALA,23.887,91.24,20.6,1016.7,91.12
1983-01-10T15:00:00,42724099999,AGARTALA,23.887,91.24,17.6,1017.7,95.67
1983-01-11T00:00:00,42724099999,AGARTALA,23.887,91.24,,1017.9,
1983-01-11T03:00:00,42724099999,AGARTALA,23.887,91.24,15.2,,100.0
1983-01-12T00:00:00,42724099999,AGARTALA,23.887,91.24,9.6,1018.5,100.0
1983-01-12T06:00:00,42724099999,AGARTALA,23.887,91.24,11.8,1016.5,91.74
1983-01-12T09:00:00,42724099999,AGARTALA,23.887,91.24,22.8,1015.4,41.66
1983-01-12T12:00:00,42724099999,AGARTALA,23.887,91.24,17.6,1015.9,77.91
1983-01-12T15:00:00,42724099999,AGARTALA,23.887,91.24,13.6,1017.8,93.07
1983-01-13T03:00:00,42724099999,AGARTALA,23.887,91.24,15.8,1019.8,79.18
1983-01-13T09:00:00,42724099999,AGARTALA,23.887,91.24,23.8,1015.4,59.73
1983-01-14T00:00:00,42724099999,AGARTALA,23.887,91.24,11.8,1017.2,94.84
1983-01-14T03:00:00,42724099999,AGARTALA,23.887,91.24,16.4,1019.1,81.37
1983-01-14T06:00:00,42724099999,AGARTALA,23.887,91.24,28.8,1018.0,32.93
1983-01-14T09:00:00,42724099999,AGARTALA,23.887,91.24,25.0,1015.0,43.41
1983-01-14T12:00:00,42724099999,AGARTALA,23.887,91.24,20.2,1015.1,68.42
1983-01-14T15:00:00,42724099999,AGARTALA,23.887,91.24,,1017.4,
1983-01-14T18:00:00,42724099999,AGARTALA,23.887,91.24,13.2,1017.6,88.26
1983-01-15T00:00:00,42724099999,AGARTALA,23.887,91.24,12.4,1017.8,97.4
1983-01-15T03:00:00,42724099999,AGARTALA,23.887,91.24,16.2,1020.9,87.38
1983-01-15T06:00:00,42724099999,AGARTALA,23.887,91.24,28.2,1018.0,39.67
1983-01-15T09:00:00,42724099999,AGARTALA,23.887,91.24,24.4,1016.6,34.65
1983-01-15T12:00:00,42724099999,AGARTALA,23.887,91.24,19.2,1016.6,66.46
1983-01-15T15:00:00,42724099999,AGARTALA,23.887,91.24,12.8,1018.5,93.03
1983-01-15T18:00:00,42724099999,AGARTALA,23.887,91.24,10.4,1018.7,97.36
1983-01-15T21:00:00,42724099999,AGARTALA,23.887,91.24,9.4,1017.6,97.34
1983-01-16T00:00:00,42724099999,AGARTALA,23.887,91.24,9.2,1017.2,100.0
1983-01-16T03:00:00,42724099999,AGARTALA,23.887,91.24,15.4,1019.2,82.85
1983-01-16T06:00:00,42724099999,AGARTALA,23.887,91.24,22.8,1017.8,47.0
1983-01-16T09:00:00,42724099999,AGARTALA,23.887,91.24,22.4,1015.5,42.4
1983-01-16T12:00:00,42724099999,AGARTALA,23.887,91.24,20.0,1016.1,67.5
1983-01-16T15:00:00,42724099999,AGARTALA,23.887,91.24,15.6,1017.7,89.04
1983-01-16T18:00:00,42724099999,AGARTALA,23.887,91.24,,1018.4,
1983-01-16T21:00:00,42724099999,AGARTALA,23.887,91.24,15.2,1017.7,91.36
1983-01-17T00:00:00,42724099999,AGARTALA,23.887,91.24,14.8,1017.4,91.33
1983-01-17T03:00:00,42724099999,AGARTALA,23.887,91.24,16.8,1019.9,83.56
1983-01-17T06:00:00,42724099999,AGARTALA,23.887,91.24,25.6,1018.5,38.95
1983-01-17T12:00:00,42724099999,AGARTALA,23.887,91.24,21.6,1015.4,73.69
1983-01-17T15:00:00,42724099999,AGARTALA,23.887,91.24,18.2,1016.9,88.12
1983-01-17T18:00:00,42724099999,AGARTALA,23.887,91.24,15.8,1016.2,93.78
1983-01-18T00:00:00,42724099999,AGARTALA,23.887,91.24,14.8,,98.08
1983-01-18T03:00:00,42724099999,AGARTALA,23.887,91.24,18.0,1018.4,85.88
1983-01-18T06:00:00,42724099999,AGARTALA,23.887,91.24,24.8,1018.3,62.29
1983-01-18T09:00:00,42724099999,AGARTALA,23.887,91.24,25.4,1013.9,46.47
1983-01-18T12:00:00,42724099999,AGARTALA,23.887,91.24,21.6,1014.5,68.69
1983-01-18T15:00:00,42724099999,AGARTALA,23.887,91.24,16.4,1016.2,85.16
1983-01-18T18:00:00,42724099999,AGARTALA,23.887,91.24,13.6,1015.8,88.29
1983-01-19T00:00:00,42724099999,AGARTALA,23.887,91.24,10.6,1015.0,97.37
1983-01-19T03:00:00,42724099999,AGARTALA,23.887,91.24,15.8,1018.2,87.34
1983-01-19T06:00:00,42724099999,AGARTALA,23.887,91.24,23.2,1016.6,47.73
1983-01-19T09:00:00,42724099999,AGARTALA,23.887,91.24,24.8,1013.7,39.24
1983-01-19T12:00:00,42724099999,AGARTALA,23.887,91.24,20.8,1014.0,60.19
1983-01-19T15:00:00,42724099999,AGARTALA,23.887,91.24,14.6,1016.3,77.97
1983-01-19T18:00:00,42724099999,AGARTALA,23.887,91.24,13.0,1016.8,85.93
1983-01-20T00:00:00,42724099999,AGARTALA,23.887,91.24,11.6,1016.8,97.39
1983-01-20T03:00:00,42724099999,AGARTALA,23.887,91.24,17.6,1019.1,77.91
1983-01-20T06:00:00,42724099999,AGARTALA,23.887,91.24,24.0,1017.2,48.58
1983-01-20T09:00:00,42724099999,AGARTALA,23.887,91.24,24.6,1015.1,48.11
1983-01-20T12:00:00,42724099999,AGARTALA,23.887,91.24,21.2,1016.1,60.28
1983-01-20T15:00:00,42724099999,AGARTALA,23.887,91.24,14.8,1018.2,93.13
1983-01-20T18:00:00,42724099999,AGARTALA,23.887,91.24,13.4,1018.9,90.64
1983-01-21T00:00:00,42724099999,AGARTALA,23.887,91.24,10.6,1019.4,99.34
1983-01-21T03:00:00,42724099999,AGARTALA,23.887,91.24,17.4,1021.7,79.93
1983-01-21T06:00:00,42724099999,AGARTALA,23.887,91.24,24.8,1020.4,44.23
1983-01-21T09:00:00,42724099999,AGARTALA,23.887,91.24,26.4,1017.2,32.92
1983-01-21T12:00:00,42724099999,AGARTALA,23.887,91.24,21.4,1018.9,63.55
1983-01-21T15:00:00,42724099999,AGARTALA,23.887,91.24,15.0,1020.4,93.14
1983-01-22T00:00:00,42724099999,AGARTALA,23.887,91.24,9.6,1020.0,100.0
1983-01-22T03:00:00,42724099999,AGARTALA,23.887,91.24,15.8,1021.5,87.34
1983-01-22T06:00:00,42724099999,AGARTALA,23.887,91.24,25.0,1020.0,48.53
1983-01-22T09:00:00,42724099999,AGARTALA,23.887,91.24,26.8,1016.7,38.26
1983-01-24T00:00:00,42724099999,AGARTALA,23.887,91.24,13.0,1017.6,97.42
1983-01-24T03:00:00,42724099999,AGARTALA,23.887,91.24,17.6,1019.7,72.51
1983-01-24T06:00:00,42724099999,AGARTALA,23.887,91.24,,1017.8,
1983-01-24T09:00:00,42724099999,AGARTALA,23.887,91.24,26.2,1015.2,38.6
1983-01-24T12:00:00,42724099999,AGARTALA,23.887,91.24,21.0,1015.8,64.71
1983-01-24T18:00:00,42724099999,AGARTALA,23.887,91.24,13.0,1017.8,97.42
1983-01-25T00:00:00,42724099999,AGARTALA,23.887,91.24,11.4,,91.11
1983-01-25T06:00:00,42724099999,AGARTALA,23.887,91.24,18.2,1020.1,80.56
1983-01-25T09:00:00,42724099999,AGARTALA,23.887,91.24,26.6,1016.1,43.01
1983-01-25T12:00:00,42724099999,AGARTALA,23.887,91.24,21.8,1017.1,64.05
1983-01-26T00:00:00,42724099999,AGARTALA,23.887,91.24,11.6,1018.7,94.84
1983-01-26T03:00:00,42724099999,AGARTALA,23.887,91.24,18.6,1020.8,80.61
1983-01-26T06:00:00,42724099999,AGARTALA,23.887,91.24,25.4,1018.9,24.92
1983-01-26T09:00:00,42724099999,AGARTALA,23.887,91.24,26.8,1016.3,35.8
1983-01-26T12:00:00,42724099999,AGARTALA,23.887,91.24,21.4,1017.0,63.55
1983-01-26T15:00:00,42724099999,AGARTALA,23.887,91.24,16.4,1018.8,85.16
1983-01-27T03:00:00,42724099999,AGARTALA,23.887,91.24,19.6,1020.6,72.4
1983-01-27T06:00:00,42724099999,AGARTALA,23.887,91.24,26.8,1019.2,39.54
1983-01-27T09:00:00,42724099999,AGARTALA,23.887,91.24,26.8,1019.2,39.54
1983-01-27T12:00:00,42724099999,AGARTALA,23.887,91.24,23.6,1017.1,54.88
1983-01-28T06:00:00,42724099999,AGARTALA,23.887,91.24,36.0,1017.9,25.35
1983-01-28T09:00:00,42724099999,AGARTALA,23.887,91.24,27.8,1015.0,33.99
1983-01-28T12:00:00,42724099999,AGARTALA,23.887,91.24,22.0,1015.4,64.09
1983-01-28T15:00:00,42724099999,AGARTALA,23.887,91.24,16.4,1016.6,87.39
1983-01-29T00:00:00,42724099999,AGARTALA,23.887,91.24,15.0,1014.4,91.34
1983-01-29T03:00:00,42724099999,AGARTALA,23.887,91.24,17.0,1017.9,88.01
1983-01-30T00:00:00,42724099999,AGARTALA,23.887,91.24,18.6,1013.0,98.14
1983-01-30T03:00:00,42724099999,AGARTALA,23.887,91.24,19.6,1015.2,96.33
1983-01-30T06:00:00,42724099999,AGARTALA,23.887,91.24,23.2,1013.8,79.71
1983-01-30T12:00:00,42724099999,AGARTALA,23.887,91.24,18.8,1011.4,98.14
1983-01-30T15:00:00,42724099999,AGARTALA,23.887,91.24,18.2,,95.69
1983-01-30T18:00:00,42724099999,AGARTALA,23.887,91.24,18.0,1011.7,95.68
1983-01-31T00:00:00,42724099999,AGARTALA,23.887,91.24,17.0,1011.0,98.12
1983-01-31T06:00:00,42724099999,AGARTALA,23.887,91.24,23.8,1011.7,62.86
1983-01-31T09:00:00,42724099999,AGARTALA,23.887,91.24,25.0,1009.4,37.0
1983-01-31T12:00:00,42724099999,AGARTALA,23.887,91.24,21.0,1010.7,56.78
1983-01-31T15:00:00,42724099999,AGARTALA,23.887,91.24,15.4,1012.5,87.3
1983-02-01T00:00:00,42724099999,AGARTALA,23.887,91.24,12.6,,93.01
1983-02-01T03:00:00,42724099999,AGARTALA,23.887,91.24,16.4,1016.2,81.37
1983-02-01T06:00:00,42724099999,AGARTALA,23.887,91.24,21.0,1015.8,38.69
1983-02-01T12:00:00,42724099999,AGARTALA,23.887,91.24,17.6,1014.2,57.85
1983-02-02T00:00:00,42724099999,AGARTALA,23.887,91.24,12.4,1015.3,85.87
1983-02-02T03:00:00,42724099999,AGARTALA,23.887,91.24,16.2,1017.7,73.22
1983-02-02T06:00:00,42724099999,AGARTALA,23.887,91.24,23.0,1016.9,34.96
1983-02-02T12:00:00,42724099999,AGARTALA,23.887,91.24,19.6,1015.6,99.38
1983-02-02T15:00:00,42724099999,AGARTALA,23.887,91.24,13.2,1016.8,90.63
1983-02-02T18:00:00,42724099999,AGARTALA,23.887,91.24,11.4,1016.6,46.06
1983-02-03T00:00:00,42724099999,AGARTALA,23.887,91.24,12.4,1016.6,88.19
1983-02-03T03:00:00,42724099999,AGARTALA,23.887,91.24,15.2,1019.4,80.68
1983-02-03T06:00:00,42724099999,AGARTALA,23.887,91.24,24.2,1015.6,23.41
1983-02-03T12:00:00,42724099999,AGARTALA,23.887,91.24,19.2,1016.2,49.92
1983-02-03T15:00:00,42724099999,AGARTALA,23.887,91.24,23.0,1018.0,45.82
1983-02-03T18:00:00,42724099999,AGARTALA,23.887,91.24,10.4,1018.2,92.27
1983-02-03T21:00:00,42724099999,AGARTALA,23.887,91.24,9.2,1016.5,92.2
1983-02-04T00:00:00,42724099999,AGARTALA,23.887,91.24,8.0,1016.8,90.25
1983-02-04T06:00:00,42724099999,AGARTALA,23.887,91.24,22.6,1017.7,26.52
1983-02-04T12:00:00,42724099999,AGARTALA,23.887,91.24,18.4,1015.2,53.55
1983-02-04T15:00:00,42724099999,AGARTALA,23.887,91.24,11.6,1017.4,87.53
1983-02-04T18:00:00,42724099999,AGARTALA,23.887,91.24,9.0,1017.5,94.73
1983-02-05T00:00:00,42724099999,AGARTALA,23.887,91.24,6.4,1016.7,97.28
1983-02-05T03:00:00,42724099999,AGARTALA,23.887,91.24,14.6,1019.5,63.72
1983-02-05T06:00:00,42724099999,AGARTALA,23.887,91.24,21.2,1018.6,30.57
1983-02-05T09:00:00,42724099999,AGARTALA,23.887,91.24,22.2,1015.5,34.97
1983-02-05T12:00:00,42724099999,AGARTALA,23.887,91.24,18.6,1016.0,50.43
1983-02-05T15:00:00,42724099999,AGARTALA,23.887,91.24,12.0,1017.0,82.99
1983-02-05T18:00:00,42724099999,AGARTALA,23.887,91.24,9.0,1017.2,94.73
1983-02-05T21:00:00,42724099999,AGARTALA,23.887,91.24,7.8,1015.0,97.31
1983-02-06T00:00:00,42724099999,AGARTALA,23.887,91.24,7.4,1017.5,94.02
1983-02-06T03:00:00,42724099999,AGARTALA,23.887,91.24,15.0,1019.8,64.24
1983-02-06T06:00:00,42724099999,AGARTALA,23.887,91.24,21.6,1019.0,29.83
1983-02-06T12:00:00,42724099999,AGARTALA,23.887,91.24,18.8,1015.4,36.49
1983-02-06T15:00:00,42724099999,AGARTALA,23.887,91.24,10.6,1017.4,80.04
1983-02-06T18:00:00,42724099999,AGARTALA,23.887,91.24,7.8,1017.5,85.98
1983-02-07T00:00:00,42724099999,AGARTALA,23.887,91.24,5.0,1016.9,96.57
1983-02-07T03:00:00,42724099999,AGARTALA,23.887,91.24,15.6,1019.5,64.81
1983-02-07T06:00:00,42724099999,AGARTALA,23.887,91.24,23.0,1018.5,28.58
1983-02-07T09:00:00,42724099999,AGARTALA,23.887,91.24,24.0,1015.9,27.87
1983-02-07T12:00:00,42724099999,AGARTALA,23.887,91.24,19.8,1016.5,49.07
1983-02-07T15:00:00,42724099999,AGARTALA,23.887,91.24,12.2,1018.3,80.81
1983-02-08T00:00:00,42724099999,AGARTALA,23.887,91.24,7.0,1016.4,88.32
1983-02-08T03:00:00,42724099999,AGARTALA,23.887,91.24,17.6,1018.1,61.45
1983-02-08T06:00:00,42724099999,AGARTALA,23.887,91.24,25.0,1016.1,21.38
1983-02-08T09:00:00,42724099999,AGARTALA,23.887,91.24,26.4,1014.1,16.41
1983-02-08T12:00:00,42724099999,AGARTALA,23.887,91.24,21.0,1014.7,46.19
1983-02-09T03:00:00,42724099999,AGARTALA,23.887,91.24,16.6,1018.3,87.41
1983-02-09T06:00:00,42724099999,AGARTALA,23.887,91.24,,1017.3,
1983-02-09T09:00:00,42724099999,AGARTALA,23.887,91.24,25.0,1014.7,34.35
1983-02-09T18:00:00,42724099999,AGARTALA,23.887,91.24,15.8,1016.3,91.39
1983-02-10T03:00:00,42724099999,AGARTALA,23.887,91.24,17.8,,
1983-02-10T06:00:00,42724099999,AGARTALA,23.887,91.24,25.8,1011.9,34.34
1983-02-10T09:00:00,42724099999,AGARTALA,23.887,91.24,26.4,1015.5,36.65
1983-02-10T12:00:00,42724099999,AGARTALA,23.887,91.24,23.0,1015.6,52.97
1983-02-11T06:00:00,42724099999,AGARTALA,23.887,91.24,26.6,,34.8
1983-02-11T09:00:00,42724099999,AGARTALA,23.887,91.24,26.6,1012.7,34.8
1983-02-11T12:00:00,42724099999,AGARTALA,23.887,91.24,23.6,1012.1,51.09
1983-02-11T15:00:00,42724099999,AGARTALA,23.887,91.24,17.2,1014.8,81.47
1983-02-11T18:00:00,42724099999,AGARTALA,23.887,91.24,14.4,1013.8,90.71
1983-02-12T00:00:00,42724099999,AGARTALA,23.887,91.24,11.2,1012.4,94.82
1983-02-12T03:00:00,42724099999,AGARTALA,23.887,91.24,17.6,1015.2,74.43
1983-02-12T06:00:00,42724099999,AGARTALA,23.887,91.24,25.6,1013.9,28.31
1983-02-12T09:00:00,42724099999,AGARTALA,23.887,91.24,26.8,1011.2,25.83
1983-02-12T12:00:00,42724099999,AGARTALA,23.887,91.24,,1010.7,
1983-02-12T15:00:00,42724099999,AGARTALA,23.887,91.24,18.2,,
1983-02-12T18:00:00,42724099999,AGARTALA,23.887,91.24,12.5,1013.0,88.79
1983-02-13T03:00:00,42724099999,AGARTALA,23.887,91.24,,1015.3,
1983-02-13T06:00:00,42724099999,AGARTALA,23.887,91.24,25.0,1014.5,30.37
1983-02-13T09:00:00,42724099999,AGARTALA,23.887,91.24,27.6,1011.2,30.27
1983-02-13T12:00:00,42724099999,AGARTALA,23.887,91.24,22.4,1010.8,52.47
1983-02-13T15:00:00,42724099999,AGARTALA,23.887,91.24,16.8,1013.5,76.27
1983-02-13T18:00:00,42724099999,AGARTALA,23.887,91.24,13.2,1014.5,88.26
1983-02-14T00:00:00,42724099999,AGARTALA,23.887,91.24,11.2,,94.82
1983-02-14T03:00:00,42724099999,AGARTALA,23.887,91.24,,1017.1,
1983-02-14T06:00:00,42724099999,AGARTALA,23.887,91.24,27.2,1015.5,26.48
1983-02-14T09:00:00,42724099999,AGARTALA,23.887,91.24,29.2,1012.6,30.51
1983-02-14T12:00:00,42724099999,AGARTALA,23.887,91.24,24.4,1012.5,51.97
1983-02-14T15:00:00,42724099999,AGARTALA,23.887,91.24,17.8,1014.0,84.22
1983-02-14T18:00:00,42724099999,AGARTALA,23.887,91.24,19.2,1014.7,68.22
1983-02-15T00:00:00,42724099999,AGARTALA,23.887,91.24,16.6,1013.5,79.3
1983-02-15T03:00:00,42724099999,AGARTALA,23.887,91.24,21.6,1016.2,73.69
1983-02-15T06:00:00,42724099999,AGARTALA,23.887,91.24,27.4,1013.9,
1983-02-15T09:00:00,42724099999,AGARTALA,23.887,91.24,30.0,1009.8,57.51
1983-02-15T12:00:00,42724099999,AGARTALA,23.887,91.24,27.0,1009.2,66.79
1983-02-15T15:00:00,42724099999,AGARTALA,23.887,91.24,24.0,1011.5,75.02
1983-02-15T18:00:00,42724099999,AGARTALA,23.887,91.24,21.6,1012.0,94.63
1983-02-16T00:00:00,42724099999,AGARTALA,23.887,91.24,20.0,1011.1,98.16
1983-02-16T03:00:00,42724099999,AGARTALA,23.887,91.24,22.0,1013.6,91.21
1983-02-16T06:00:00,42724099999,AGARTALA,23.887,91.24,27.6,1012.4,63.3
1983-02-16T09:00:00,42724099999,AGARTALA,23.887,91.24,30.8,1009.4,39.12
1983-02-16T12:00:00,42724099999,AGARTALA,23.887,91.24,27.8,1008.6,51.85
1983-02-16T15:00:00,42724099999,AGARTALA,23.887,91.24,23.8,1010.3,68.69
1983-02-17T00:00:00,42724099999,AGARTALA,23.887,91.24,19.8,1010.8,100.0
1983-02-17T03:00:00,42724099999,AGARTALA,23.887,91.24,21.2,1013.5,96.38
1983-02-17T06:00:00,42724099999,AGARTALA,23.887,91.24,29.0,1013.1,31.28
1983-02-17T09:00:00,42724099999,AGARTALA,23.887,91.24,29.8,1010.5,31.5
1983-02-17T15:00:00,42724099999,AGARTALA,23.887,91.24,22.2,1011.8,65.8
1983-02-17T18:00:00,42724099999,AGARTALA,23.887,91.24,17.8,1012.1,89.79
1983-02-18T00:00:00,42724099999,AGARTALA,23.887,91.24,15.7,1012.0,93.78
1983-02-18T03:00:00,42724099999,AGARTALA,23.887,91.24,23.6,1014.2,58.17
1983-02-18T06:00:00,42724099999,AGARTALA,23.887,91.24,28.6,1013.5,45.27
1983-02-18T09:00:00,42724099999,AGARTALA,23.887,91.24,28.8,1011.2,50.17
1983-02-18T12:00:00,42724099999,AGARTALA,23.887,91.24,26.0,1010.1,59.11
1983-02-18T15:00:00,42724099999,AGARTALA,23.887,91.24,23.4,1010.9,66.9
1983-02-18T18:00:00,42724099999,AGARTALA,23.887,91.24,20.4,1011.2,79.83
1983-02-19T00:00:00,42724099999,AGARTALA,23.887,91.24,18.4,1011.7,92.14
1983-02-19T03:00:00,42724099999,AGARTALA,23.887,91.24,22.8,1014.0,76.25
1983-02-19T06:00:00,42724099999,AGARTALA,23.887,91.24,24.7,1013.5,61.87
1983-02-19T09:00:00,42724099999,AGARTALA,23.887,91.24,29.6,1009.5,35.41
1983-02-19T12:00:00,42724099999,AGARTALA,23.887,91.24,25.6,1009.3,51.94
1983-02-19T15:00:00,42724099999,AGARTALA,23.887,91.24,21.6,1011.0,66.95
1983-02-20T00:00:00,42724099999,AGARTALA,23.887,91.24,20.4,1014.2,94.58
1983-02-20T06:00:00,42724099999,AGARTALA,23.887,91.24,26.6,1013.5,32.1
1983-02-20T09:00:00,42724099999,AGARTALA,23.887,91.24,27.8,1010.8,28.53
1983-02-20T12:00:00,42724099999,AGARTALA,23.887,91.24,24.6,1010.3,45.35
1983-02-21T00:00:00,42724099999,AGARTALA,23.887,91.24,13.6,1013.4,99.35
1983-02-21T06:00:00,42724099999,AGARTALA,23.887,91.24,27.4,1014.6,37.92
1983-02-21T09:00:00,42724099999,AGARTALA,23.887,91.24,29.4,1011.3,25.13
1983-02-21T15:00:00,42724099999,AGARTALA,23.887,91.24,18.4,1012.9,79.55
1983-02-22T06:00:00,42724099999,AGARTALA,23.887,91.24,22.6,1015.8,60.22
1983-02-22T09:00:00,42724099999,AGARTALA,23.887,91.24,18.4,1014.5,85.92
1983-02-22T12:00:00,42724099999,AGARTALA,23.887,91.24,18.6,1013.9,82.7
1983-02-22T18:00:00,42724099999,AGARTALA,23.887,91.24,16.8,1014.4,91.46
1983-02-23T00:00:00,42724099999,AGARTALA,23.887,91.24,14.6,1014.1,95.57
1983-02-23T03:00:00,42724099999,AGARTALA,23.887,91.24,21.6,1016.8,66.95
1983-02-23T06:00:00,42724099999,AGARTALA,23.887,91.24,26.6,1016.2,54.23
1983-02-23T09:00:00,42724099999,AGARTALA,23.887,91.24,27.8,1013.7,52.84
1983-02-23T12:00:00,42724099999,AGARTALA,23.887,91.24,25.0,1014.1,63.93
1983-02-23T15:00:00,42724099999,AGARTALA,23.887,91.24,19.4,1016.5,88.22
1983-02-24T03:00:00,42724099999,AGARTALA,23.887,91.24,22.2,1019.4,74.26
1983-02-24T06:00:00,42724099999,AGARTALA,23.887,91.24,27.6,1017.9,52.79
1983-02-24T09:00:00,42724099999,AGARTALA,23.887,91.24,29.2,1015.4,41.53
1983-02-24T12:00:00,42724099999,AGARTALA,23.887,91.24,21.2,1015.1,80.44
1983-02-25T00:00:00,42724099999,AGARTALA,23.887,91.24,14.6,1014.6,95.57
1983-02-25T03:00:00,42724099999,AGARTALA,23.887,91.24,21.2,1016.9,80.44
1983-02-25T06:00:00,42724099999,AGARTALA,23.887,91.24,26.4,1015.2,52.82
1983-02-25T09:00:00,42724099999,AGARTALA,23.887,91.24,27.2,1011.6,52.35
1983-02-25T12:00:00,42724099999,AGARTALA,23.887,91.24,19.2,1013.1,83.31
1983-02-26T00:00:00,42724099999,AGARTALA,23.887,91.24,15.6,1011.7,100.0
1983-02-26T03:00:00,42724099999,AGARTALA,23.887,91.24,21.2,1014.8,69.95
1983-02-26T06:00:00,42724099999,AGARTALA,23.887,91.24,24.8,1013.3,62.68
1983-02-26T09:00:00,42724099999,AGARTALA,23.887,91.24,20.4,1010.3,83.44
1983-02-26T15:00:00,42724099999,AGARTALA,23.887,91.24,19.8,1011.7,86.6
1983-02-26T18:00:00,42724099999,AGARTALA,23.887,91.24,18.4,1012.0,89.83
1983-02-27T00:00:00,42724099999,AGARTALA,23.887,91.24,19.4,1010.4,96.33
1983-02-27T03:00:00,42724099999,AGARTALA,23.887,91.24,19.0,1013.1,96.32
1983-02-27T06:00:00,42724099999,AGARTALA,23.887,91.24,25.2,1012.1,69.83
1983-02-27T12:00:00,42724099999,AGARTALA,23.887,91.24,24.0,1009.2,73.63
1983-02-27T15:00:00,42724099999,AGARTALA,23.887,91.24,19.4,1011.2,39.04
1983-02-28T00:00:00,42724099999,AGARTALA,23.887,91.24,13.6,1012.2,97.43
1983-02-28T03:00:00,42724099999,AGARTALA,23.887,91.24,20.0,1014.9,63.65
1983-02-28T06:00:00,42724099999,AGARTALA,23.887,91.24,25.6,1014.8,30.54
1983-02-28T09:00:00,42724099999,AGARTALA,23.887,91.24,27.4,1012.6,25.82
1983-02-28T12:00:00,42724099999,AGARTALA,23.887,91.24,24.2,1013.3,40.95
1983-03-01T03:00:00,42724099999,AGARTALA,23.887,91.24,21.0,1016.9,50.74
1983-03-01T06:00:00,42724099999,AGARTALA,23.887,91.24,27.0,1015.2,36.34
1983-03-01T09:00:00,42724099999,AGARTALA,23.887,91.24,28.8,1012.1,39.84
1983-03-01T12:00:00,42724099999,AGARTALA,23.887,91.24,26.6,1012.5,46.5
1983-03-02T03:00:00,42724099999,AGARTALA,23.887,91.24,24.2,1015.6,84.91
1983-03-02T09:00:00,42724099999,AGARTALA,23.887,91.24,29.6,1012.0,48.82
1983-03-02T12:00:00,42724099999,AGARTALA,23.887,91.24,27.6,1012.4,63.3
1983-03-02T15:00:00,42724099999,AGARTALA,23.887,91.24,24.6,1013.8,83.41
1983-03-03T00:00:00,42724099999,AGARTALA,23.887,91.24,23.6,1013.9,91.31
1983-03-03T03:00:00,42724099999,AGARTALA,23.887,91.24,24.8,1015.5,
1983-03-03T06:00:00,42724099999,AGARTALA,23.887,91.24,26.6,1014.7,78.25
1983-03-04T03:00:00,42724099999,AGARTALA,23.887,91.24,22.2,1016.0,47.46
1983-03-04T06:00:00,42724099999,AGARTALA,23.887,91.24,29.4,1015.6,62.15
1983-03-04T09:00:00,42724099999,AGARTALA,23.887,91.24,30.4,1012.5,42.94
1983-03-05T00:00:00,42724099999,AGARTALA,23.887,91.24,20.4,1013.9,83.44
1983-03-05T03:00:00,42724099999,AGARTALA,23.887,91.24,24.4,1015.9,72.34
1983-03-05T06:00:00,42724099999,AGARTALA,23.887,91.24,27.8,1014.6,59.53
1983-03-05T15:00:00,42724099999,AGARTALA,23.887,91.24,20.0,1012.9,90.51
1983-03-06T09:00:00,42724099999,AGARTALA,23.887,91.24,27.0,1012.0,50.99
1983-03-07T03:00:00,42724099999,AGARTALA,23.887,91.24,23.8,1016.9,76.4
1983-03-08T00:00:00,42724099999,AGARTALA,23.887,91.24,19.2,1013.7,96.32
1983-03-08T03:00:00,42724099999,AGARTALA,23.887,91.24,22.0,1015.4,94.64
1983-03-08T06:00:00,42724099999,AGARTALA,23.887,91.24,26.4,1014.0,66.26
1983-03-08T09:00:00,42724099999,AGARTALA,23.887,91.24,29.4,1010.9,48.46
1983-03-08T12:00:00,42724099999,AGARTALA,23.887,91.24,26.8,1010.5,59.67
1983-03-08T18:00:00,42724099999,AGARTALA,23.887,91.24,23.2,1013.0,89.63
1983-03-09T03:00:00,42724099999,AGARTALA,23.887,91.24,24.0,1015.3,84.89
1983-03-09T06:00:00,42724099999,AGARTALA,23.887,91.24,29.2,1013.3,59.12
1983-03-09T09:00:00,42724099999,AGARTALA,23.887,91.24,31.0,1009.9,47.97
1983-03-09T15:00:00,42724099999,AGARTALA,23.887,91.24,25.2,1012.3,86.57
1983-03-09T18:00:00,42724099999,AGARTALA,23.887,91.24,24.8,1012.8,91.39
1983-03-10T00:00:00,42724099999,AGARTALA,23.887,91.24,22.6,1011.9,94.67
1983-03-10T03:00:00,42724099999,AGARTALA,23.887,91.24,26.0,1013.9,80.58
1983-03-10T06:00:00,42724099999,AGARTALA,23.887,91.24,30.0,1012.2,62.28
1983-03-10T09:00:00,42724099999,AGARTALA,23.887,91.24,31.2,1009.4,56.05
1983-03-10T12:00:00,42724099999,AGARTALA,23.887,91.24,29.2,1008.8,64.43
1983-03-11T00:00:00,42724099999,AGARTALA,23.887,91.24,23.8,1010.3,96.45
1983-03-11T03:00:00,42724099999,AGARTALA,23.887,91.24,26.4,1012.5,85.65
1983-03-11T06:00:00,42724099999,AGARTALA,23.887,91.24,30.4,1010.7,61.61
1983-03-11T09:00:00,42724099999,AGARTALA,23.887,91.24,32.4,1007.7,51.41
1983-03-11T12:00:00,42724099999,AGARTALA,23.887,91.24,29.0,1017.7,70.96
1983-03-12T00:00:00,42724099999,AGARTALA,23.887,91.24,24.8,1008.8,96.47
1983-03-12T03:00:00,42724099999,AGARTALA,23.887,91.24,26.8,1010.8,81.17
1983-03-12T06:00:00,42724099999,AGARTALA,23.887,91.24,31.8,1009.4,50.94
1983-03-12T09:00:00,42724099999,AGARTALA,23.887,91.24,34.0,1006.0,33.08
1983-03-12T12:00:00,42724099999,AGARTALA,23.887,91.24,29.8,1005.4,69.83
1983-03-13T03:00:00,42724099999,AGARTALA,23.887,91.24,27.0,1009.7,79.74
1983-03-13T06:00:00,42724099999,AGARTALA,23.887,91.24,32.2,1007.7,53.61
1983-03-13T09:00:00,42724099999,AGARTALA,23.887,91.24,33.8,1005.5,30.17
1983-03-13T15:00:00,42724099999,AGARTALA,23.887,91.24,26.6,1007.8,85.67
1983-03-14T00:00:00,42724099999,AGARTALA,23.887,91.24,22.2,1008.9,96.4
1983-03-14T03:00:00,42724099999,AGARTALA,23.887,91.24,27.0,1010.5,39.86
1983-03-14T06:00:00,42724099999,AGARTALA,23.887,91.24,31.0,1009.4,16.06
1983-03-14T09:00:00,42724099999,AGARTALA,23.887,91.24,32.0,1006.4,17.85
1983-03-14T12:00:00,42724099999,AGARTALA,23.887,91.24,28.6,1005.3,28.56
1983-03-14T15:00:00,42724099999,AGARTALA,23.887,91.24,25.4,1007.3,35.17
1983-03-14T18:00:00,42724099999,AGARTALA,23.887,91.24,23.2,1007.8,65.18
1983-03-15T00:00:00,42724099999,AGARTALA,23.887,91.24,20.8,1008.5,94.59
1983-03-15T03:00:00,42724099999,AGARTALA,23.887,91.24,26.2,1010.1,82.58
1983-03-15T06:00:00,42724099999,AGARTALA,23.887,91.24,29.6,1009.6,57.06
1983-03-15T09:00:00,42724099999,AGARTALA,23.887,91.24,31.8,1006.4,49.7
1983-03-15T12:00:00,42724099999,AGARTALA,23.887,91.24,27.8,1005.7,71.61
1983-03-16T09:00:00,42724099999,AGARTALA,23.887,91.24,25.8,1007.4,59.06
1983-03-16T15:00:00,42724099999,AGARTALA,23.887,91.24,21.2,1011.3,85.66
1983-03-17T00:00:00,42724099999,AGARTALA,23.887,91.24,17.6,1011.1,95.67
1983-03-17T03:00:00,42724099999,AGARTALA,23.887,91.24,,1013.2,
1983-03-17T06:00:00,42724099999,AGARTALA,23.887,91.24,27.4,1013.0,71.1
1983-03-17T09:00:00,42724099999,AGARTALA,23.887,91.24,28.4,1009.7,49.75
1983-03-17T12:00:00,42724099999,AGARTALA,23.887,91.24,27.0,1009.6,57.51
1983-03-17T15:00:00,42724099999,AGARTALA,23.887,91.24,23.2,1011.5,86.39
1983-03-18T00:00:00,42724099999,AGARTALA,23.887,91.24,21.6,1010.9,91.19
1983-03-18T03:00:00,42724099999,AGARTALA,23.887,91.24,25.6,1012.5,80.53
1983-03-18T06:00:00,42724099999,AGARTALA,23.887,91.24,29.0,1011.4,64.38
1983-03-18T09:00:00,42724099999,AGARTALA,23.887,91.24,30.4,1007.3,55.52
1983-03-18T12:00:00,42724099999,AGARTALA,23.887,91.24,22.2,1007.8,80.58
1983-03-19T00:00:00,42724099999,AGARTALA,23.887,91.24,22.6,1009.5,91.25
1983-03-19T03:00:00,42724099999,AGARTALA,23.887,91.24,26.2,1011.7,85.63
1983-03-19T06:00:00,42724099999,AGARTALA,23.887,91.24,29.2,1010.5,66.83
1983-03-19T09:00:00,42724099999,AGARTALA,23.887,91.24,30.8,1007.3,62.83
1983-03-19T12:00:00,42724099999,AGARTALA,23.887,91.24,28.3,1006.7,74.8
1983-03-20T00:00:00,42724099999,AGARTALA,23.887,91.24,23.6,1008.8,94.7
1983-03-20T03:00:00,42724099999,AGARTALA,23.887,91.24,23.6,1012.7,78.3
1983-03-20T06:00:00,42724099999,AGARTALA,23.887,91.24,27.6,1010.8,75.6
1983-03-20T09:00:00,42724099999,AGARTALA,23.887,91.24,26.4,1008.5,74.95
1983-03-20T12:00:00,42724099999,AGARTALA,23.887,91.24,26.6,1008.0,74.98
1983-03-21T03:00:00,42724099999,AGARTALA,23.887,91.24,21.4,1010.9,92.88
1983-03-21T06:00:00,42724099999,AGARTALA,23.887,91.24,27.0,1009.5,76.89
1983-03-21T15:00:00,42724099999,AGARTALA,23.887,91.24,25.8,1008.1,82.04
1983-03-22T00:00:00,42724099999,AGARTALA,23.887,91.24,21.6,1008.8,80.5
1983-03-22T03:00:00,42724099999,AGARTALA,23.887,91.24,21.6,1010.5,98.18
1983-03-22T09:00:00,42724099999,AGARTALA,23.887,91.24,28.2,1008.0,67.44
1983-03-22T12:00:00,42724099999,AGARTALA,23.887,91.24,25.6,1008.1,80.53
1983-03-22T15:00:00,42724099999,AGARTALA,23.887,91.24,22.6,1010.0,77.66
1983-03-22T18:00:00,42724099999,AGARTALA,23.887,91.24,20.4,1010.6,95.76
1983-03-23T00:00:00,42724099999,AGARTALA,23.887,91.24,16.8,1011.0,98.11
1983-03-23T03:00:00,42724099999,AGARTALA,23.887,91.24,24.0,1013.9,39.28
1983-03-23T06:00:00,42724099999,AGARTALA,23.887,91.24,27.6,1013.4,27.14
1983-03-23T09:00:00,42724099999,AGARTALA,23.887,91.24,28.8,1010.7,22.83
1983-03-23T12:00:00,42724099999,AGARTALA,23.887,91.24,25.6,1010.6,46.83
1983-03-24T03:00:00,42724099999,AGARTALA,23.887,91.24,23.4,1014.9,55.19
1983-03-24T06:00:00,42724099999,AGARTALA,23.887,91.24,28.6,1014.1,31.8
1983-03-24T09:00:00,42724099999,AGARTALA,23.887,91.24,29.8,1011.7,19.54
1983-03-24T12:00:00,42724099999,AGARTALA,23.887,91.24,26.8,1011.5,46.85
1983-03-24T15:00:00,42724099999,AGARTALA,23.887,91.24,19.6,1014.1,82.82
1983-03-24T18:00:00,42724099999,AGARTALA,23.887,91.24,17.0,,89.73
1983-03-25T03:00:00,42724099999,AGARTALA,23.887,91.24,23.8,1014.2,52.49
1983-03-25T06:00:00,42724099999,AGARTALA,23.887,91.24,29.0,1012.9,38.87
1983-03-25T09:00:00,42724099999,AGARTALA,23.887,91.24,30.0,1009.1,28.75
1983-03-25T12:00:00,42724099999,AGARTALA,23.887,91.24,27.4,1009.6,42.67
1983-03-26T00:00:00,42724099999,AGARTALA,23.887,91.24,21.2,1010.2,
1983-03-26T06:00:00,42724099999,AGARTALA,23.887,91.24,29.4,1009.9,62.15
1983-03-26T09:00:00,42724099999,AGARTALA,23.887,91.24,30.6,1006.8,54.55
1983-03-26T12:00:00,42724099999,AGARTALA,23.887,91.24,28.2,1006.4,73.0
1983-03-26T15:00:00,42724099999,AGARTALA,23.887,91.24,25.8,1007.7,84.05
1983-03-27T00:00:00,42724099999,AGARTALA,23.887,91.24,23.8,1007.7,93.0
1983-03-27T03:00:00,42724099999,AGARTALA,23.887,91.24,25.8,1010.2,87.15
1983-03-27T06:00:00,42724099999,AGARTALA,23.887,91.24,29.6,1008.8,71.07
1983-03-27T09:00:00,42724099999,AGARTALA,23.887,91.24,30.8,1005.9,65.55
1983-03-28T03:00:00,42724099999,AGARTALA,23.887,91.24,27.4,1009.8,84.22
1983-03-28T06:00:00,42724099999,AGARTALA,23.887,91.24,31.4,1009.3,66.07
1983-03-28T09:00:00,42724099999,AGARTALA,23.887,91.24,32.4,1006.7,59.49
1983-03-28T12:00:00,42724099999,AGARTALA,23.887,91.24,29.8,1006.9,69.83
1983-03-28T18:00:00,42724099999,AGARTALA,23.887,91.24,25.0,1007.9,94.76
1983-03-29T00:00:00,42724099999,AGARTALA,23.887,91.24,20.6,1007.7,91.12
1983-03-29T03:00:00,42724099999,AGARTALA,23.887,91.24,25.8,1011.3,84.05
1983-03-29T06:00:00,42724099999,AGARTALA,23.887,91.24,24.8,1008.9,93.06
1983-03-29T09:00:00,42724099999,AGARTALA,23.887,91.24,32.4,1006.7,59.49
1983-03-29T12:00:00,42724099999,AGARTALA,23.887,91.24,29.0,1005.9,79.06
1983-03-30T00:00:00,42724099999,AGARTALA,23.887,91.24,23.2,1008.8,94.69
1983-03-30T03:00:00,42724099999,AGARTALA,23.887,91.24,26.4,1011.5,90.4
1983-03-30T06:00:00,42724099999,AGARTALA,23.887,91.24,30.6,1011.2,55.57
1983-03-30T09:00:00,42724099999,AGARTALA,23.887,91.24,32.0,1008.6,43.65
1983-03-30T12:00:00,42724099999,AGARTALA,23.887,91.24,30.2,1008.2,49.28
1983-03-30T15:00:00,42724099999,AGARTALA,23.887,91.24,26.2,1010.2,76.3
1983-03-30T18:00:00,42724099999,AGARTALA,23.887,91.24,25.8,1010.7,87.15
1983-03-31T00:00:00,42724099999,AGARTALA,23.887,91.24,24.8,1009.3,94.75
1983-03-31T03:00:00,42724099999,AGARTALA,23.887,91.24,27.0,1013.5,89.9
1983-03-31T06:00:00,42724099999,AGARTALA,23.887,91.24,31.0,1012.6,58.46
1983-03-31T09:00:00,42724099999,AGARTALA,23.887,91.24,32.0,1009.9,45.61
1983-03-31T12:00:00,42724099999,AGARTALA,23.887,91.24,30.8,1009.0,47.62
1983-03-31T15:00:00,42724099999,AGARTALA,23.887,91.24,24.6,1011.9,80.4
1983-03-31T18:00:00,42724099999,AGARTALA,23.887,91.24,23.0,1012.0,89.61
1983-03-31T21:00:00,42724099999,AGARTALA,23.887,91.24,22.0,1009.8,94.64
1983-04-01T00:00:00,42724099999,AGARTALA,23.887,91.24,22.8,1011.5,97.6
1983-04-01T03:00:00,42724099999,AGARTALA,23.887,91.24,26.2,1012.7,82.58
1983-04-01T06:00:00,42724099999,AGARTALA,23.887,91.24,31.6,1011.6,37.86
1983-04-01T09:00:00,42724099999,AGARTALA,23.887,91.24,33.4,1008.6,27.79
1983-04-01T12:00:00,42724099999,AGARTALA,23.887,91.24,31.2,1008.0,40.5
1983-04-01T15:00:00,42724099999,AGARTALA,23.887,91.24,25.6,1011.1,71.66
1983-04-01T18:00:00,42724099999,AGARTALA,23.887,91.24,25.4,1011.1,86.59
1983-04-01T21:00:00,42724099999,AGARTALA,23.887,91.24,25.0,1009.9,91.4
1983-04-02T00:00:00,42724099999,AGARTALA,23.887,91.24,24.8,1010.4,94.75
1983-04-02T03:00:00,42724099999,AGARTALA,23.887,91.24,27.4,1011.9,78.36
1983-04-02T06:00:00,42724099999,AGARTALA,23.887,91.24,31.8,1010.4,62.67
1983-04-02T09:00:00,42724099999,AGARTALA,23.887,91.24,32.4,1008.1,54.99
1983-04-02T12:00:00,42724099999,AGARTALA,23.887,91.24,30.4,1007.0,63.9
1983-04-03T00:00:00,42724099999,AGARTALA,23.887,91.24,26.0,1007.1,95.36
1983-04-03T03:00:00,42724099999,AGARTALA,23.887,91.24,28.0,1009.6,84.79
1983-04-03T06:00:00,42724099999,AGARTALA,23.887,91.24,31.0,1009.3,66.78
1983-04-03T09:00:00,42724099999,AGARTALA,23.887,91.24,33.2,1005.5,60.03
1983-04-04T09:00:00,42724099999,AGARTALA,23.887,91.24,35.2,1005.5,37.18
1983-04-04T15:00:00,42724099999,AGARTALA,23.887,91.24,28.4,1007.5,83.33
1983-04-05T00:00:00,42724099999,AGARTALA,23.887,91.24,26.0,1006.8,93.67
1983-04-05T03:00:00,42724099999,AGARTALA,23.887,91.24,30.0,1008.5,70.29
1983-04-05T06:00:00,42724099999,AGARTALA,23.887,91.24,35.0,1007.2,35.98
1983-04-05T09:00:00,42724099999,AGARTALA,23.887,91.24,35.4,1004.0,31.19
1983-04-05T12:00:00,42724099999,AGARTALA,23.887,91.24,32.6,1003.0,44.09
1983-04-05T15:00:00,42724099999,AGARTALA,23.887,91.24,28.8,1005.4,81.91
1983-04-05T18:00:00,42724099999,AGARTALA,23.887,91.24,27.0,1006.7,87.26
1983-04-06T00:00:00,42724099999,AGARTALA,23.887,91.24,28.8,1007.9,79.03
1983-04-06T06:00:00,42724099999,AGARTALA,23.887,91.24,33.4,1007.2,53.26
1983-04-06T12:00:00,42724099999,AGARTALA,23.887,91.24,,1005.1,
1983-04-06T15:00:00,42724099999,AGARTALA,23.887,91.24,28.4,1005.7,81.86
1983-04-07T00:00:00,42724099999,AGARTALA,23.887,91.24,25.8,1006.0,96.5
1983-04-07T03:00:00,42724099999,AGARTALA,23.887,91.24,28.6,1007.9,73.51
1983-04-07T09:00:00,42724099999,AGARTALA,23.887,91.24,34.8,1003.7,28.72
1983-04-07T12:00:00,42724099999,AGARTALA,23.887,91.24,29.6,1003.8,62.19
1983-04-07T15:00:00,42724099999,AGARTALA,23.887,91.24,26.4,1005.6,62.25
1983-04-07T18:00:00,42724099999,AGARTALA,23.887,91.24,26.8,1005.9,84.16
1983-04-08T03:00:00,42724099999,AGARTALA,23.887,91.24,29.4,1007.8,76.34
1983-04-08T06:00:00,42724099999,AGARTALA,23.887,91.24,33.2,1006.5,57.91
1983-04-08T09:00:00,42724099999,AGARTALA,23.887,91.24,33.8,1003.0,53.68
1983-04-08T12:00:00,42724099999,AGARTALA,23.887,91.24,28.4,1003.3,96.0
1983-04-09T00:00:00,42724099999,AGARTALA,23.887,91.24,26.6,1005.3,90.41
1983-04-09T06:00:00,42724099999,AGARTALA,23.887,91.24,23.7,1007.0,95.86
1983-04-09T09:00:00,42724099999,AGARTALA,23.887,91.24,33.0,1004.8,57.52
1983-04-09T12:00:00,42724099999,AGARTALA,23.887,91.24,27.8,1002.2,84.27
1983-04-09T18:00:00,42724099999,AGARTALA,23.887,91.24,23.6,1006.7,62.42
1983-04-10T00:00:00,42724099999,AGARTALA,23.887,91.24,20.0,1007.9,90.51
1983-04-10T03:00:00,42724099999,AGARTALA,23.887,91.24,27.0,1010.2,58.61
1983-04-10T06:00:00,42724099999,AGARTALA,23.887,91.24,30.8,1009.5,62.83
1983-04-10T09:00:00,42724099999,AGARTALA,23.887,91.24,32.4,1007.3,59.14
1983-04-11T00:00:00,42724099999,AGARTALA,23.887,91.24,18.8,1008.1,92.16
1983-04-11T03:00:00,42724099999,AGARTALA,23.887,91.24,22.0,1012.3,77.09
1983-04-11T06:00:00,42724099999,AGARTALA,23.887,91.24,28.4,1009.8,55.03
1983-04-11T12:00:00,42724099999,AGARTALA,23.887,91.24,27.6,1007.1,75.6
1983-04-11T15:00:00,42724099999,AGARTALA,23.887,91.24,25.9,1008.3,88.22
1983-04-11T18:00:00,42724099999,AGARTALA,23.887,91.24,25.4,1009.0,91.42
1983-04-12T03:00:00,42724099999,AGARTALA,23.887,91.24,27.2,1010.7,85.73
1983-04-12T06:00:00,42724099999,AGARTALA,23.887,91.24,29.6,1010.7,68.54
1983-04-12T12:00:00,42724099999,AGARTALA,23.887,91.24,27.0,1006.6,62.78
1983-04-13T00:00:00,42724099999,AGARTALA,23.887,91.24,20.8,1008.6,92.28
1983-04-13T03:00:00,42724099999,AGARTALA,23.887,91.24,25.6,1009.4,64.46
1983-04-13T09:00:00,42724099999,AGARTALA,23.887,91.24,24.4,,
1983-04-13T12:00:00,42724099999,AGARTALA,23.887,91.24,22.8,1003.6,89.6
1983-04-14T00:00:00,42724099999,AGARTALA,23.887,91.24,21.4,1005.6,96.38
1983-04-14T06:00:00,42724099999,AGARTALA,23.887,91.24,29.6,,69.8
1983-04-14T09:00:00,42724099999,AGARTALA,23.887,91.24,31.4,1004.9,66.07
1983-04-14T12:00:00,42724099999,AGARTALA,23.887,91.24,30.0,1004.9,63.81
1983-04-14T15:00:00,42724099999,AGARTALA,23.887,91.24,26.4,1008.5,82.61
1983-04-15T00:00:00,42724099999,AGARTALA,23.887,91.24,23.6,1008.3,92.99
1983-04-15T03:00:00,42724099999,AGARTALA,23.887,91.24,27.0,1010.1,85.71
1983-04-15T06:00:00,42724099999,AGARTALA,23.887,91.24,31.0,1009.3,69.23
1983-04-15T09:00:00,42724099999,AGARTALA,23.887,91.24,31.2,1007.9,51.42
1983-04-15T12:00:00,42724099999,AGARTALA,23.887,91.24,26.2,,
1983-04-16T03:00:00,42724099999,AGARTALA,23.887,91.24,24.6,1012.6,69.28
1983-04-16T06:00:00,42724099999,AGARTALA,23.887,91.24,28.0,1011.2,55.62
1983-04-16T09:00:00,42724099999,AGARTALA,23.887,91.24,28.8,1009.5,57.58
1983-04-16T15:00:00,42724099999,AGARTALA,23.887,91.24,24.8,1012.4,78.47
1983-04-17T00:00:00,42724099999,AGARTALA,23.887,91.24,21.0,1011.7,96.37
1983-04-17T06:00:00,42724099999,AGARTALA,23.887,91.24,29.2,1012.4,61.72
1983-04-17T09:00:00,42724099999,AGARTALA,23.887,91.24,29.2,1012.4,61.72
1983-04-18T03:00:00,42724099999,AGARTALA,23.887,91.24,30.6,1013.7,76.52
1983-04-18T06:00:00,42724099999,AGARTALA,23.887,91.24,30.6,1013.7,
1983-04-18T09:00:00,42724099999,AGARTALA,23.887,91.24,32.2,1012.1,39.76
1983-04-18T12:00:00,42724099999,AGARTALA,23.887,91.24,30.2,1009.6,51.81
1983-04-19T06:00:00,42724099999,AGARTALA,23.887,91.24,31.6,1014.5,54.13
1983-04-19T09:00:00,42724099999,AGARTALA,23.887,91.24,32.5,1011.9,42.43
1983-04-19T12:00:00,42724099999,AGARTALA,23.887,91.24,29.4,1010.9,55.62
1983-04-20T00:00:00,42724099999,AGARTALA,23.887,91.24,20.8,1011.3,92.28
1983-04-20T01:00:00,42724099999,AGARTALA,23.887,91.24,29.0,1012.2,51.83
1983-04-20T03:00:00,42724099999,AGARTALA,23.887,91.24,26.8,1013.8,65.12
1983-04-20T06:00:00,42724099999,AGARTALA,23.887,91.24,29.0,1012.2,51.83
1983-04-20T09:00:00,42724099999,AGARTALA,23.887,91.24,32.4,1010.4,38.81
1983-04-20T12:00:00,42724099999,AGARTALA,23.887,91.24,31.2,1009.1,41.02
1983-04-20T15:00:00,42724099999,AGARTALA,23.887,91.24,24.0,1010.0,79.82
1983-04-21T03:00:00,42724099999,AGARTALA,23.887,91.24,28.0,1012.0,52.56
1983-04-21T06:00:00,42724099999,AGARTALA,23.887,91.24,33.0,1010.1,29.95
1983-04-21T09:00:00,42724099999,AGARTALA,23.887,91.24,35.5,1008.8,51.26
1983-04-21T12:00:00,42724099999,AGARTALA,23.887,91.24,30.8,1006.3,43.32
1983-04-21T15:00:00,42724099999,AGARTALA,23.887,91.24,26.2,1008.0,64.99
1983-04-22T00:00:00,42724099999,AGARTALA,23.887,91.24,23.0,1007.6,91.27
1983-04-22T06:00:00,42724099999,AGARTALA,23.887,91.24,32.0,1007.9,54.56
1983-04-22T18:00:00,42724099999,AGARTALA,23.887,91.24,21.8,1007.1,88.97
1983-04-22T21:00:00,42724099999,AGARTALA,23.887,91.24,21.4,1006.0,87.29
1983-04-23T00:00:00,42724099999,AGARTALA,23.887,91.24,21.4,1004.0,87.84
1983-04-23T03:00:00,42724099999,AGARTALA,23.887,91.24,27.6,1008.8,65.69
1983-04-23T06:00:00,42724099999,AGARTALA,23.887,91.24,31.6,1006.5,63.77
1983-04-23T09:00:00,42724099999,AGARTALA,23.887,91.24,29.0,1004.2,74.91
1983-04-23T12:00:00,42724099999,AGARTALA,23.887,91.24,25.0,1003.5,61.16
1983-04-23T15:00:00,42724099999,AGARTALA,23.887,91.24,23.8,1006.2,71.78
1983-04-23T18:00:00,42724099999,AGARTALA,23.887,91.24,17.8,1010.6,89.79
1983-04-24T03:00:00,42724099999,AGARTALA,23.887,91.24,19.8,1008.9,86.6
1983-04-24T09:00:00,42724099999,AGARTALA,23.887,91.24,27.2,1004.8,66.83
1983-04-24T12:00:00,42724099999,AGARTALA,23.887,91.24,26.4,1004.0,76.34
1983-04-24T15:00:00,42724099999,AGARTALA,23.887,91.24,22.0,1008.5,87.35
1983-04-25T00:00:00,42724099999,AGARTALA,23.887,91.24,21.0,1008.6,98.17
1983-04-25T03:00:00,42724099999,AGARTALA,23.887,91.24,27.4,1010.6,76.95
1983-04-25T06:00:00,42724099999,AGARTALA,23.887,91.24,31.1,1009.5,73.92
1983-04-25T09:00:00,42724099999,AGARTALA,23.887,91.24,27.8,1006.7,60.65
1983-04-25T12:00:00,42724099999,AGARTALA,23.887,91.24,22.6,1007.6,91.81
1983-04-25T15:00:00,42724099999,AGARTALA,23.887,91.24,21.3,1010.1,69.52
1983-04-26T03:00:00,42724099999,AGARTALA,23.887,91.24,25.0,1012.9,77.06
1983-04-26T06:00:00,42724099999,AGARTALA,23.887,91.24,29.4,1011.9,68.51
1983-04-26T12:00:00,42724099999,AGARTALA,23.887,91.24,30.0,1008.8,72.87
1983-04-27T00:00:00,42724099999,AGARTALA,23.887,91.24,25.6,1009.8,98.23
1983-04-27T03:00:00,42724099999,AGARTALA,23.887,91.24,27.6,1012.7,88.88
1983-04-27T06:00:00,42724099999,AGARTALA,23.887,91.24,31.8,1011.0,64.97
1983-04-27T09:00:00,42724099999,AGARTALA,23.887,91.24,32.0,1007.1,65.01
1983-04-27T12:00:00,42724099999,AGARTALA,23.887,91.24,24.0,1005.2,94.72
1983-04-28T03:00:00,42724099999,AGARTALA,23.887,91.24,24.0,1010.7,89.69
1983-04-28T06:00:00,42724099999,AGARTALA,23.887,91.24,28.0,1011.1,64.97
1983-04-28T09:00:00,42724099999,AGARTALA,23.887,91.24,25.6,1008.5,61.69
1983-04-29T03:00:00,42724099999,AGARTALA,23.887,91.24,27.4,1009.4,84.22
1983-04-29T06:00:00,42724099999,AGARTALA,23.887,91.24,29.4,1007.9,76.34
1983-04-29T09:00:00,42724099999,AGARTALA,23.887,91.24,23.8,1005.4,91.32
1983-04-30T00:00:00,42724099999,AGARTALA,23.887,91.24,24.4,1008.3,93.04
1983-04-30T03:00:00,42724099999,AGARTALA,23.887,91.24,22.2,1006.1,91.79
1983-04-30T06:00:00,42724099999,AGARTALA,23.887,91.24,26.6,1009.4,78.25
1983-04-30T09:00:00,42724099999,AGARTALA,23.887,91.24,18.2,1004.5,77.49
1983-05-01T03:00:00,42724099999,AGARTALA,23.887,91.24,22.4,1007.8,82.64
1983-05-01T06:00:00,42724099999,AGARTALA,23.887,91.24,24.0,1005.9,84.89
1983-05-01T09:00:00,42724099999,AGARTALA,23.887,91.24,21.0,1004.5,96.37
1983-05-01T12:00:00,42724099999,AGARTALA,23.887,91.24,21.0,1005.4,96.37
1983-05-02T01:00:00,42724099999,AGARTALA,23.887,91.24,21.2,1007.8,100.0
1983-05-02T03:00:00,42724099999,AGARTALA,23.887,91.24,23.6,1008.9,89.66
1983-05-02T06:00:00,42724099999,AGARTALA,23.887,91.24,21.2,1007.8,100.0
1983-05-02T09:00:00,42724099999,AGARTALA,23.887,91.24,23.4,1006.7,88.01
1983-05-02T12:00:00,42724099999,AGARTALA,23.887,91.24,24.4,1006.7,73.24
1983-05-03T00:00:00,42724099999,AGARTALA,23.887,91.24,,1009.5,
1983-05-03T03:00:00,42724099999,AGARTALA,23.887,91.24,26.0,1011.2,52.38
1983-05-03T06:00:00,42724099999,AGARTALA,23.887,91.24,30.0,1009.7,71.57
1983-05-03T12:00:00,42724099999,AGARTALA,23.887,91.24,22.4,1006.7,100.0
1983-05-04T15:00:00,42724099999,AGARTALA,23.887,91.24,23.6,1010.3,94.7
1983-05-05T03:00:00,42724099999,AGARTALA,23.887,91.24,26.4,1012.4,81.12
1983-05-05T06:00:00,42724099999,AGARTALA,23.887,91.24,30.6,1011.2,74.28
1983-05-05T09:00:00,42724099999,AGARTALA,23.887,91.24,30.4,1008.5,72.94
1983-05-05T12:00:00,42724099999,AGARTALA,23.887,91.24,22.0,1008.9,88.99
1983-05-05T15:00:00,42724099999,AGARTALA,23.887,91.24,21.8,1007.8,88.97
1983-05-05T18:00:00,42724099999,AGARTALA,23.887,91.24,22.4,1009.5,91.24
1983-05-06T00:00:00,42724099999,AGARTALA,23.887,91.24,22.6,1009.1,91.25
1983-05-06T03:00:00,42724099999,AGARTALA,23.887,91.24,28.4,1010.9,76.64
1983-05-06T06:00:00,42724099999,AGARTALA,23.887,91.24,30.6,1009.8,67.92
1983-05-07T00:00:00,42724099999,AGARTALA,23.887,91.24,21.8,1009.5,94.63
1983-05-07T03:00:00,42724099999,AGARTALA,23.887,91.24,28.2,1011.3,67.44
1983-05-07T06:00:00,42724099999,AGARTALA,23.887,91.24,30.6,1010.2,69.15
1983-05-07T09:00:00,42724099999,AGARTALA,23.887,91.24,32.4,1007.6,63.94
1983-05-07T12:00:00,42724099999,AGARTALA,23.887,91.24,30.8,1005.9,71.71
1983-05-08T00:00:00,42724099999,AGARTALA,23.887,91.24,21.6,1010.8,94.63
1983-05-08T03:00:00,42724099999,AGARTALA,23.887,91.24,25.7,1011.4,72.12
1983-05-08T09:00:00,42724099999,AGARTALA,23.887,91.24,30.2,1008.3,70.33
1983-05-08T12:00:00,42724099999,AGARTALA,23.887,91.24,26.2,1008.6,64.99
1983-05-08T15:00:00,42724099999,AGARTALA,23.887,91.24,24.0,1009.6,79.82
1983-05-08T18:00:00,42724099999,AGARTALA,23.887,91.24,23.6,1009.8,74.96
1983-05-09T00:00:00,42724099999,AGARTALA,23.887,91.24,23.8,1008.6,84.87
1983-05-09T03:00:00,42724099999,AGARTALA,23.887,91.24,22.4,1010.4,89.57
1983-05-09T06:00:00,42724099999,AGARTALA,23.887,91.24,28.6,1009.8,69.19
1983-05-09T09:00:00,42724099999,AGARTALA,23.887,91.24,28.6,1009.8,69.19
1983-05-09T12:00:00,42724099999,AGARTALA,23.887,91.24,26.2,1006.7,79.15
1983-05-09T18:00:00,42724099999,AGARTALA,23.887,91.24,21.6,1009.3,94.63
1983-05-10T00:00:00,42724099999,AGARTALA,23.887,91.24,28.6,1007.2,66.3
1983-05-10T03:00:00,42724099999,AGARTALA,23.887,91.24,23.2,1009.7,98.2
1983-05-10T06:00:00,42724099999,AGARTALA,23.887,91.24,27.0,1008.6,76.89
1983-05-10T09:00:00,42724099999,AGARTALA,23.887,91.24,21.3,1010.4,94.03
1983-05-10T12:00:00,42724099999,AGARTALA,23.887,91.24,21.2,1007.1,90.6
1983-05-10T15:00:00,42724099999,AGARTALA,23.887,91.24,21.0,1009.3,94.6
1983-05-11T00:00:00,42724099999,AGARTALA,23.887,91.24,19.8,1008.9,96.34
1983-05-11T03:00:00,42724099999,AGARTALA,23.887,91.24,26.8,1010.2,70.99
1983-05-11T06:00:00,42724099999,AGARTALA,23.887,91.24,30.6,1009.6,63.94
1983-05-11T09:00:00,42724099999,AGARTALA,23.887,91.24,30.8,1006.9,66.74
1983-05-11T12:00:00,42724099999,AGARTALA,23.887,91.24,28.8,1006.7,79.03
1983-05-11T15:00:00,42724099999,AGARTALA,23.887,91.24,30.7,,67.12
1983-05-11T18:00:00,42724099999,AGARTALA,23.887,91.24,25.8,1007.2,94.79
1983-05-12T00:00:00,42724099999,AGARTALA,23.887,91.24,24.4,1007.5,96.46
1983-05-12T03:00:00,42724099999,AGARTALA,23.887,91.24,29.6,1009.0,72.36
1983-05-12T06:00:00,42724099999,AGARTALA,23.887,91.24,31.4,,63.34
1983-05-12T09:00:00,42724099999,AGARTALA,23.887,91.24,24.8,1008.1,93.06
1983-05-12T12:00:00,42724099999,AGARTALA,23.887,91.24,26.4,1005.7,85.14
1983-05-12T15:00:00,42724099999,AGARTALA,23.887,91.24,25.8,1007.4,90.36
1983-05-12T18:00:00,42724099999,AGARTALA,23.887,91.24,25.0,1007.1,88.14
1983-05-12T21:00:00,42724099999,AGARTALA,23.887,91.24,24.8,1005.0,91.94
1983-05-13T00:00:00,42724099999,AGARTALA,23.887,91.24,24.8,1006.8,96.47
1983-05-13T03:00:00,42724099999,AGARTALA,23.887,91.24,27.0,1009.6,85.71
1983-05-13T06:00:00,42724099999,AGARTALA,23.887,91.24,30.0,1008.2,66.18
1983-05-13T09:00:00,42724099999,AGARTALA,23.887,91.24,31.0,1006.0,59.54
1983-05-13T12:00:00,42724099999,AGARTALA,23.887,91.24,30.0,1005.1,67.39
1983-05-13T15:00:00,42724099999,AGARTALA,23.887,91.24,27.0,1007.1,88.84
1983-05-13T18:00:00,42724099999,AGARTALA,23.887,91.24,25.0,1007.6,91.4
1983-05-14T00:00:00,42724099999,AGARTALA,23.887,91.24,24.8,1006.6,98.22
1983-05-14T03:00:00,42724099999,AGARTALA,23.887,91.24,28.6,1007.6,81.88
1983-05-14T06:00:00,42724099999,AGARTALA,23.887,91.24,29.8,1006.6,74.15
1983-05-14T09:00:00,42724099999,AGARTALA,23.887,91.24,24.8,1005.8,89.74
1983-05-14T12:00:00,42724099999,AGARTALA,23.887,91.24,26.2,1005.3,84.09
1983-05-14T15:00:00,42724099999,AGARTALA,23.887,91.24,24.4,1007.8,89.71
1983-05-15T00:00:00,42724099999,AGARTALA,23.887,91.24,23.4,1005.7,96.44
1983-05-15T03:00:00,42724099999,AGARTALA,23.887,91.24,27.6,1009.3,82.75
1983-05-15T06:00:00,42724099999,AGARTALA,23.887,91.24,30.6,1009.4,75.62
1983-05-15T09:00:00,42724099999,AGARTALA,23.887,91.24,30.8,1006.7,74.31
1983-05-15T12:00:00,42724099999,AGARTALA,23.887,91.24,28.8,1005.7,76.24
1983-05-15T15:00:00,42724099999,AGARTALA,23.887,91.24,26.0,1007.9,82.56
1983-05-15T18:00:00,42724099999,AGARTALA,23.887,91.24,25.0,1008.6,47.91
1983-05-15T21:00:00,42724099999,AGARTALA,23.887,91.24,24.8,1008.0,93.06
1983-05-16T00:00:00,42724099999,AGARTALA,23.887,91.24,25.4,1008.5,96.49
1983-05-16T03:00:00,42724099999,AGARTALA,23.887,91.24,29.6,1009.7,74.12
1983-05-16T06:00:00,42724099999,AGARTALA,23.887,91.24,31.6,1009.4,68.11
1983-05-16T12:00:00,42724099999,AGARTALA,23.887,91.24,31.6,1007.0,69.75
1983-05-16T21:00:00,42724099999,AGARTALA,23.887,91.24,25.2,1010.1,94.77
1983-05-17T00:00:00,42724099999,AGARTALA,23.887,91.24,23.0,1010.2,87.98
1983-05-17T06:00:00,42724099999,AGARTALA,23.887,91.24,28.8,1010.6,77.63
1983-05-17T09:00:00,42724099999,AGARTALA,23.887,91.24,32.0,1008.3,66.19
1983-05-17T12:00:00,42724099999,AGARTALA,23.887,91.24,29.4,1008.0,73.64
1983-05-18T00:00:00,42724099999,AGARTALA,23.887,91.24,24.0,1010.7,96.45
1983-05-18T03:00:00,42724099999,AGARTALA,23.887,91.24,29.0,1012.3,68.02
1983-05-18T06:00:00,42724099999,AGARTALA,23.887,91.24,31.8,1011.6,61.18
1983-05-18T09:00:00,42724099999,AGARTALA,23.887,91.24,32.6,1008.8,61.73
1983-05-18T11:00:00,42724099999,AGARTALA,23.887,91.24,30.8,,
1983-05-18T12:00:00,42724099999,AGARTALA,23.887,91.24,30.8,1008.1,67.95
1983-05-18T15:00:00,42724099999,AGARTALA,23.887,91.24,28.2,1010.2,45.74
1983-05-18T18:00:00,42724099999,AGARTALA,23.887,91.24,27.0,1009.8,88.84
1983-05-19T00:00:00,42724099999,AGARTALA,23.887,91.24,26.0,1008.9,94.8
1983-05-19T03:00:00,42724099999,AGARTALA,23.887,91.24,29.8,1008.9,82.51
1983-05-19T06:00:00,42724099999,AGARTALA,23.887,91.24,28.8,1008.1,80.46
1983-05-19T12:00:00,42724099999,AGARTALA,23.887,91.24,25.6,1004.1,87.14
1983-05-19T15:00:00,42724099999,AGARTALA,23.887,91.24,25.0,1006.3,94.76
1983-05-19T18:00:00,42724099999,AGARTALA,23.887,91.24,22.6,1005.5,96.42
1983-05-19T21:00:00,42724099999,AGARTALA,23.887,91.24,22.4,1004.7,96.41
1983-05-20T00:00:00,42724099999,AGARTALA,23.887,91.24,23.4,1005.0,92.98
1983-05-20T03:00:00,42724099999,AGARTALA,23.887,91.24,28.6,1005.7,80.43
1983-05-20T06:00:00,42724099999,AGARTALA,23.887,91.24,32.0,1004.3,69.83
1983-05-20T09:00:00,42724099999,AGARTALA,23.887,91.24,31.2,1000.9,76.16
1983-05-20T12:00:00,42724099999,AGARTALA,23.887,91.24,30.6,1000.8,76.97
1983-05-20T15:00:00,42724099999,AGARTALA,23.887,91.24,27.4,1004.3,71.98
1983-05-20T18:00:00,42724099999,AGARTALA,23.887,91.24,26.4,1003.8,87.21
1983-05-21T06:00:00,42724099999,AGARTALA,23.887,91.24,25.0,1005.3,88.14
1983-05-21T12:00:00,42724099999,AGARTALA,23.887,91.24,28.2,1003.8,83.31
1983-05-21T15:00:00,42724099999,AGARTALA,23.887,91.24,25.8,1005.7,90.36
1983-05-22T00:00:00,42724099999,AGARTALA,23.887,91.24,24.7,1002.3,95.32
1983-05-22T03:00:00,42724099999,AGARTALA,23.887,91.24,29.2,1008.7,83.42
1983-05-22T09:00:00,42724099999,AGARTALA,23.887,91.24,30.2,1004.4,81.11
1983-05-22T12:00:00,42724099999,AGARTALA,23.887,91.24,22.4,1005.5,98.19
1983-05-23T00:00:00,42724099999,AGARTALA,23.887,91.24,22.6,1005.3,96.42
1983-05-23T03:00:00,42724099999,AGARTALA,23.887,91.24,27.0,1007.2,84.18
1983-05-23T06:00:00,42724099999,AGARTALA,23.887,91.24,30.2,1006.7,78.29
1983-05-23T09:00:00,42724099999,AGARTALA,23.887,91.24,31.4,1004.2,69.3
1983-05-23T12:00:00,42724099999,AGARTALA,23.887,91.24,22.2,1002.3,96.4
1983-05-23T15:00:00,42724099999,AGARTALA,23.887,91.24,27.8,,88.9
1983-05-23T18:00:00,42724099999,AGARTALA,23.887,91.24,27.0,1003.9,90.44
1983-05-24T00:00:00,42724099999,AGARTALA,23.887,91.24,25.2,1003.6,85.01
1983-05-24T03:00:00,42724099999,AGARTALA,23.887,91.24,26.4,1003.5,84.12
1983-05-24T06:00:00,42724099999,AGARTALA,23.887,91.24,22.2,1006.2,96.4
1983-05-24T12:00:00,42724099999,AGARTALA,23.887,91.24,30.4,1003.2,71.64
1983-05-24T15:00:00,42724099999,AGARTALA,23.887,91.24,27.4,1005.0,92.09
1983-05-25T00:00:00,42724099999,AGARTALA,23.887,91.24,25.6,1005.1,96.49
1983-05-25T03:00:00,42724099999,AGARTALA,23.887,91.24,30.0,1007.0,81.09
1983-05-25T06:00:00,42724099999,AGARTALA,23.887,91.24,32.8,1006.7,62.14
1983-05-25T09:00:00,42724099999,AGARTALA,23.887,91.24,33.0,1004.4,58.21
1983-05-25T12:00:00,42724099999,AGARTALA,23.887,91.24,32.0,1004.7,58.69
1983-05-26T03:00:00,42724099999,AGARTALA,23.887,91.24,31.4,1007.6,63.34
1983-05-26T06:00:00,42724099999,AGARTALA,23.887,91.24,33.4,1006.8,59.01
1983-05-26T09:00:00,42724099999,AGARTALA,23.887,91.24,34.0,1004.9,49.66
1983-05-26T12:00:00,42724099999,AGARTALA,23.887,91.24,33.0,1003.8,59.99
1983-05-27T00:00:00,42724099999,AGARTALA,23.887,91.24,25.0,1006.0,94.76
1983-05-27T03:00:00,42724099999,AGARTALA,23.887,91.24,30.6,1006.9,72.97
1983-05-27T06:00:00,42724099999,AGARTALA,23.887,91.24,33.6,1005.6,52.67
1983-05-27T09:00:00,42724099999,AGARTALA,23.887,91.24,34.4,1002.9,52.23
1983-05-27T15:00:00,42724099999,AGARTALA,23.887,91.24,29.0,1003.1,87.95
1983-05-27T18:00:00,42724099999,AGARTALA,23.887,91.24,27.6,1004.0,90.48
1983-05-28T00:00:00,42724099999,AGARTALA,23.887,91.24,26.4,1003.6,94.81
1983-05-28T03:00:00,42724099999,AGARTALA,23.887,91.24,31.5,1004.6,73.12
1983-05-28T06:00:00,42724099999,AGARTALA,23.887,91.24,34.4,1003.4,63.23
1983-05-28T09:00:00,42724099999,AGARTALA,23.887,91.24,35.0,1001.9,60.08
1983-05-29T03:00:00,42724099999,AGARTALA,23.887,91.24,30.2,1004.3,79.69
1983-05-29T06:00:00,42724099999,AGARTALA,23.887,91.24,33.4,1002.1,67.26
1983-05-29T09:00:00,42724099999,AGARTALA,23.887,91.24,35.0,999.1,59.02
1983-05-30T03:00:00,42724099999,AGARTALA,23.887,91.24,31.0,1003.5,82.65
1983-05-30T12:00:00,42724099999,AGARTALA,23.887,91.24,34.1,999.5,62.05
1983-05-31T03:00:00,42724099999,AGARTALA,23.887,91.24,30.7,1005.0,83.1
1983-05-31T06:00:00,42724099999,AGARTALA,23.887,91.24,33.6,1004.1,72.2
1983-05-31T15:00:00,42724099999,AGARTALA,23.887,91.24,27.6,1004.5,79.82
1983-06-01T00:00:00,42724099999,AGARTALA,23.887,91.24,23.2,1005.5,100.0
1983-06-01T03:00:00,42724099999,AGARTALA,23.887,91.24,33.7,1007.0,55.3
1983-06-01T06:00:00,42724099999,AGARTALA,23.887,91.24,25.8,1005.4,93.11
1983-06-01T12:00:00,42724099999,AGARTALA,23.887,91.24,30.6,1002.9,78.35
1983-06-01T15:00:00,42724099999,AGARTALA,23.887,91.24,,1004.1,
1983-06-01T18:00:00,42724099999,AGARTALA,23.887,91.24,27.0,1004.4,95.4
1983-06-02T00:00:00,42724099999,AGARTALA,23.887,91.24,26.4,1004.2,95.94
1983-06-02T03:00:00,42724099999,AGARTALA,23.887,91.24,29.6,1005.6,76.82
1983-06-02T06:00:00,42724099999,AGARTALA,23.887,91.24,32.2,1003.4,65.05
1983-06-02T09:00:00,42724099999,AGARTALA,23.887,91.24,33.0,1001.1,64.45
1983-06-02T15:00:00,42724099999,AGARTALA,23.887,91.24,27.2,1007.6,93.17
1983-06-03T00:00:00,42724099999,AGARTALA,23.887,91.24,25.8,1003.0,96.5
1983-06-03T03:00:00,42724099999,AGARTALA,23.887,91.24,29.6,1004.8,78.21
1983-06-03T06:00:00,42724099999,AGARTALA,23.887,91.24,29.6,1004.2,79.61
1983-06-03T09:00:00,42724099999,AGARTALA,23.887,91.24,28.2,1003.1,83.31
1983-06-03T12:00:00,42724099999,AGARTALA,23.887,91.24,28.4,1002.2,81.86
1983-06-03T15:00:00,42724099999,AGARTALA,23.887,91.24,,1004.0,
1983-06-04T00:00:00,42724099999,AGARTALA,23.887,91.24,25.8,1004.3,92.0
1983-06-04T03:00:00,42724099999,AGARTALA,23.887,91.24,25.8,1004.8,94.79
1983-06-04T06:00:00,42724099999,AGARTALA,23.887,91.24,29.0,1003.7,80.48
1983-06-04T09:00:00,42724099999,AGARTALA,23.887,91.24,30.8,1000.9,69.19
1983-06-04T12:00:00,42724099999,AGARTALA,23.887,91.24,30.6,1000.5,72.97
1983-06-04T15:00:00,42724099999,AGARTALA,23.887,91.24,27.8,1002.3,87.33
1983-06-04T18:00:00,42724099999,AGARTALA,23.887,91.24,26.8,1002.5,92.05
1983-06-04T21:00:00,42724099999,AGARTALA,23.887,91.24,26.2,1001.1,94.8
1983-06-05T00:00:00,42724099999,AGARTALA,23.887,91.24,26.4,1001.7,93.69
1983-06-05T03:00:00,42724099999,AGARTALA,23.887,91.24,27.6,1002.6,88.36
1983-06-05T06:00:00,42724099999,AGARTALA,23.887,91.24,31.6,1003.0,74.88
1983-06-05T09:00:00,42724099999,AGARTALA,23.887,91.24,33.2,1000.2,67.22
1983-06-05T12:00:00,42724099999,AGARTALA,23.887,91.24,31.4,998.4,76.19
1983-06-05T15:00:00,42724099999,AGARTALA,23.887,91.24,29.0,1000.3,84.39
1983-06-05T18:00:00,42724099999,AGARTALA,23.887,91.24,27.8,1001.0,92.11
1983-06-06T00:00:00,42724099999,AGARTALA,23.887,91.24,26.8,1000.4,93.71
1983-06-06T01:00:00,42724099999,AGARTALA,23.887,91.24,26.8,1000.4,93.71
1983-06-06T06:00:00,42724099999,AGARTALA,23.887,91.24,32.0,999.8,74.95
1983-06-06T09:00:00,42724099999,AGARTALA,23.887,91.24,33.0,997.7,70.42
1983-06-07T00:00:00,42724099999,AGARTALA,23.887,91.24,27.4,990.8,94.29
1983-06-07T03:00:00,42724099999,AGARTALA,23.887,91.24,25.2,1001.6,94.77
1983-06-07T06:00:00,42724099999,AGARTALA,23.887,91.24,26.8,1000.9,81.17
1983-06-07T12:00:00,42724099999,AGARTALA,23.887,91.24,30.4,998.4,75.59
1983-06-07T15:00:00,42724099999,AGARTALA,23.887,91.24,28.4,1001.2,83.33
1983-06-07T18:00:00,42724099999,AGARTALA,23.887,91.24,25.4,1000.8,81.99
1983-06-07T21:00:00,42724099999,AGARTALA,23.887,91.24,25.0,1002.2,81.94
1983-06-08T00:00:00,42724099999,AGARTALA,23.887,91.24,26.0,1001.2,93.67
1983-06-08T03:00:00,42724099999,AGARTALA,23.887,91.24,30.4,1003.2,76.94
1983-06-08T06:00:00,42724099999,AGARTALA,23.887,91.24,32.2,1003.2,74.1
1983-06-08T09:00:00,42724099999,AGARTALA,23.887,91.24,33.6,1001.0,69.71
1983-06-08T12:00:00,42724099999,AGARTALA,23.887,91.24,31.8,999.6,76.25
1983-06-08T18:00:00,42724099999,AGARTALA,23.887,91.24,26.0,1001.7,88.76
1983-06-08T21:00:00,42724099999,AGARTALA,23.887,91.24,25.6,1002.9,90.34
1983-06-09T00:00:00,42724099999,AGARTALA,23.887,91.24,25.4,1005.4,96.49
1983-06-09T03:00:00,42724099999,AGARTALA,23.887,91.24,30.1,1004.8,76.44
1983-06-09T06:00:00,42724099999,AGARTALA,23.887,91.24,32.8,1004.6,62.14
1983-06-09T09:00:00,42724099999,AGARTALA,23.887,91.24,33.8,1002.7,64.99
1983-06-09T10:00:00,42724099999,AGARTALA,23.887,91.24,31.4,1001.7,76.19
1983-06-09T12:00:00,42724099999,AGARTALA,23.887,91.24,31.4,1001.7,78.92
1983-06-10T00:00:00,42724099999,AGARTALA,23.887,91.24,26.8,1004.3,93.71
1983-06-10T03:00:00,42724099999,AGARTALA,23.887,91.24,28.4,1006.2,73.03
1983-06-10T06:00:00,42724099999,AGARTALA,23.887,91.24,32.6,1003.6,67.1
1983-06-10T09:00:00,42724099999,AGARTALA,23.887,91.24,32.6,1003.6,67.1
1983-06-10T12:00:00,42724099999,AGARTALA,23.887,91.24,31.4,1000.8,69.71
1983-06-10T15:00:00,42724099999,AGARTALA,23.887,91.24,28.8,1002.0,83.38
1983-06-10T18:00:00,42724099999,AGARTALA,23.887,91.24,27.4,1003.1,90.47
1983-06-11T00:00:00,42724099999,AGARTALA,23.887,91.24,25.8,1000.4,96.5
1983-06-11T03:00:00,42724099999,AGARTALA,23.887,91.24,30.8,1004.8,81.19
1983-06-11T06:00:00,42724099999,AGARTALA,23.887,91.24,33.4,1004.3,66.07
1983-06-11T09:00:00,42724099999,AGARTALA,23.887,91.24,30.8,1002.3,73.0
1983-06-11T12:00:00,42724099999,AGARTALA,23.887,91.24,31.1,1001.4,69.66
1983-06-11T15:00:00,42724099999,AGARTALA,23.887,91.24,28.8,1003.4,92.17
1983-06-11T18:00:00,42724099999,AGARTALA,23.887,91.24,28.0,1004.2,88.92
1983-06-11T21:00:00,42724099999,AGARTALA,23.887,91.24,27.4,1005.2,88.87
1983-06-12T00:00:00,42724099999,AGARTALA,23.887,91.24,26.6,1005.6,97.67
1983-06-12T03:00:00,42724099999,AGARTALA,23.887,91.24,31.6,1006.4,84.18
1983-06-12T06:00:00,42724099999,AGARTALA,23.887,91.24,33.4,1005.7,64.91
1983-06-12T09:00:00,42724099999,AGARTALA,23.887,91.24,35.2,1003.1,54.03
1983-06-12T12:00:00,42724099999,AGARTALA,23.887,91.24,32.2,1002.1,72.81
1983-06-12T15:00:00,42724099999,AGARTALA,23.887,91.24,29.4,1004.9,87.99
1983-06-13T06:00:00,42724099999,AGARTALA,23.887,91.24,32.2,1006.4,71.53
1983-06-14T03:00:00,42724099999,AGARTALA,23.887,91.24,29.0,1008.0,77.66
1983-06-14T09:00:00,42724099999,AGARTALA,23.887,91.24,30.6,1005.2,72.97
1983-06-14T15:00:00,42724099999,AGARTALA,23.887,91.24,26.0,1006.6,97.66
1983-06-15T03:00:00,42724099999,AGARTALA,23.887,91.24,29.4,1006.1,79.11
1983-06-15T09:00:00,42724099999,AGARTALA,23.887,91.24,30.2,1005.6,81.11
1983-06-15T12:00:00,42724099999,AGARTALA,23.887,91.24,28.6,1004.1,92.16
1983-06-15T15:00:00,42724099999,AGARTALA,23.887,91.24,26.8,1006.1,93.71
1983-06-16T00:00:00,42724099999,AGARTALA,23.887,91.24,25.8,1006.7,94.79
1983-06-16T03:00:00,42724099999,AGARTALA,23.887,91.24,28.4,1007.1,86.36
1983-06-16T06:00:00,42724099999,AGARTALA,23.887,91.24,30.4,1005.8,81.14
1983-06-16T09:00:00,42724099999,AGARTALA,23.887,91.24,25.0,1005.1,94.76
1983-06-16T12:00:00,42724099999,AGARTALA,23.887,91.24,25.4,1004.7,96.49
1983-06-16T18:00:00,42724099999,AGARTALA,23.887,91.24,24.8,1004.0,98.22
1983-06-17T00:00:00,42724099999,AGARTALA,23.887,91.24,25.4,1004.6,94.77
1983-06-17T03:00:00,42724099999,AGARTALA,23.887,91.24,,1006.1,
1983-06-17T12:00:00,42724099999,AGARTALA,23.887,91.24,26.8,1002.5,90.43
1983-06-17T15:00:00,42724099999,AGARTALA,23.887,91.24,26.2,1003.4,94.8
1983-06-17T18:00:00,42724099999,AGARTALA,23.887,91.24,26.2,1003.4,92.02
1983-06-18T00:00:00,42724099999,AGARTALA,23.887,91.24,26.0,1004.2,95.93
1983-06-18T03:00:00,42724099999,AGARTALA,23.887,91.24,29.0,1004.2,79.06
1983-06-18T06:00:00,42724099999,AGARTALA,23.887,91.24,30.6,1004.0,79.75
1983-06-18T12:00:00,42724099999,AGARTALA,23.887,91.24,24.6,1000.6,100.0
1983-06-19T00:00:00,42724099999,AGARTALA,23.887,91.24,24.4,1002.9,94.74
1983-06-19T03:00:00,42724099999,AGARTALA,23.887,91.24,25.6,1003.7,94.78
1983-06-19T06:00:00,42724099999,AGARTALA,23.887,91.24,28.4,1003.8,88.95
1983-06-19T09:00:00,42724099999,AGARTALA,23.887,91.24,26.8,1002.3,90.43
1983-06-19T12:00:00,42724099999,AGARTALA,23.887,91.24,24.6,1002.1,94.74
1983-06-19T15:00:00,42724099999,AGARTALA,23.887,91.24,24.2,1004.4,92.46
1983-06-20T03:00:00,42724099999,AGARTALA,23.887,91.24,26.0,1006.0,96.5
1983-06-20T09:00:00,42724099999,AGARTALA,23.887,91.24,32.8,1002.2,67.94
1983-06-20T12:00:00,42724099999,AGARTALA,23.887,91.24,30.0,1002.5,82.54
1983-06-20T15:00:00,42724099999,AGARTALA,23.887,91.24,28.8,1004.0,84.87
1983-06-20T18:00:00,42724099999,AGARTALA,23.887,91.24,27.8,1002.8,93.75
1983-06-21T00:00:00,42724099999,AGARTALA,23.887,91.24,27.6,1002.9,93.74
1983-06-21T03:00:00,42724099999,AGARTALA,23.887,91.24,29.4,1003.9,83.45
1983-06-21T06:00:00,42724099999,AGARTALA,23.887,91.24,31.2,1001.9,78.89
1983-06-21T09:00:00,42724099999,AGARTALA,23.887,91.24,31.2,1000.9,73.94
1983-06-21T12:00:00,42724099999,AGARTALA,23.887,91.24,31.0,1001.1,78.4
1983-06-21T15:00:00,42724099999,AGARTALA,23.887,91.24,28.8,1002.0,90.56
1983-06-21T18:00:00,42724099999,AGARTALA,23.887,91.24,27.8,1002.0,92.11
1983-06-22T00:00:00,42724099999,AGARTALA,23.887,91.24,27.2,1005.4,96.53
1983-06-22T03:00:00,42724099999,AGARTALA,23.887,91.24,,1004.1,
1983-06-22T06:00:00,42724099999,AGARTALA,23.887,91.24,31.8,1002.3,71.04
1983-06-22T09:00:00,42724099999,AGARTALA,23.887,91.24,33.0,999.9,65.22
1983-06-22T12:00:00,42724099999,AGARTALA,23.887,91.24,31.6,999.6,74.88
1983-06-22T15:00:00,42724099999,AGARTALA,23.887,91.24,29.2,1001.3,89.53
1983-06-23T03:00:00,42724099999,AGARTALA,23.887,91.24,29.2,1003.2,87.97
1983-06-24T03:00:00,42724099999,AGARTALA,23.887,91.24,27.0,1004.5,96.53
1983-06-24T06:00:00,42724099999,AGARTALA,23.887,91.24,30.4,1003.5,82.58
1983-06-25T00:00:00,42724099999,AGARTALA,23.887,91.24,30.6,1005.0,70.4
1983-06-25T03:00:00,42724099999,AGARTALA,23.887,91.24,30.6,1005.0,70.4
1983-06-25T06:00:00,42724099999,AGARTALA,23.887,91.24,31.0,1004.2,70.9
1983-06-25T09:00:00,42724099999,AGARTALA,23.887,91.24,33.0,1001.6,64.45
1983-06-25T12:00:00,42724099999,AGARTALA,23.887,91.24,27.0,1001.8,93.72
1983-06-26T12:00:00,42724099999,AGARTALA,23.887,91.24,27.0,1001.1,86.22
1983-06-26T18:00:00,42724099999,AGARTALA,23.887,91.24,26.6,1003.1,93.14
1983-06-27T03:00:00,42724099999,AGARTALA,23.887,91.24,26.8,1003.2,92.05
1983-06-27T12:00:00,42724099999,AGARTALA,23.887,91.24,29.6,999.6,78.21
1983-06-28T09:00:00,42724099999,AGARTALA,23.887,91.24,27.8,999.4,85.79
1983-06-29T03:00:00,42724099999,AGARTALA,23.887,91.24,28.2,1003.6,78.95
1983-06-30T03:00:00,42724099999,AGARTALA,23.887,91.24,29.6,1006.2,77.74
1983-06-30T06:00:00,42724099999,AGARTALA,23.887,91.24,31.8,1005.4,71.04
1983-06-30T09:00:00,42724099999,AGARTALA,23.887,91.24,29.6,1003.9,83.47
1983-06-30T12:00:00,42724099999,AGARTALA,23.887,91.24,29.4,1003.6,80.54
1983-06-30T15:00:00,42724099999,AGARTALA,23.887,91.24,27.8,1006.8,94.86
1983-07-01T00:00:00,42724099999,AGARTALA,23.887,91.24,26.0,1005.9,92.01
1983-07-01T03:00:00,42724099999,AGARTALA,23.887,91.24,29.6,1005.9,84.96
1983-07-01T06:00:00,42724099999,AGARTALA,23.887,91.24,29.4,1005.4,84.94
1983-07-01T09:00:00,42724099999,AGARTALA,23.887,91.24,29.8,1003.5,81.06
1983-07-02T09:00:00,42724099999,AGARTALA,23.887,91.24,29.8,1001.5,76.85
1983-07-02T12:00:00,42724099999,AGARTALA,23.887,91.24,26.8,1000.7,96.52
1983-07-02T15:00:00,42724099999,AGARTALA,23.887,91.24,26.6,1002.5,93.7
1983-07-02T18:00:00,42724099999,AGARTALA,23.887,91.24,24.8,1002.5,96.47
1983-07-03T00:00:00,42724099999,AGARTALA,23.887,91.24,26.4,1001.1,94.81
1983-07-03T06:00:00,42724099999,AGARTALA,23.887,91.24,28.2,1002.0,81.83
1983-07-03T09:00:00,42724099999,AGARTALA,23.887,91.24,29.2,1000.3,80.51
1983-07-03T12:00:00,42724099999,AGARTALA,23.887,91.24,26.4,1000.3,96.51
1983-07-04T03:00:00,42724099999,AGARTALA,23.887,91.24,25.2,1003.7,98.23
1983-07-04T06:00:00,42724099999,AGARTALA,23.887,91.24,25.2,1006.1,100.0
1983-07-04T09:00:00,42724099999,AGARTALA,23.887,91.24,24.2,1002.6,98.21
1983-07-04T15:00:00,42724099999,AGARTALA,23.887,91.24,25.8,1003.8,98.24
1983-07-05T00:00:00,42724099999,AGARTALA,23.887,91.24,25.4,1002.6,100.0
1983-07-05T06:00:00,42724099999,AGARTALA,23.887,91.24,25.2,1004.4,98.23
1983-07-05T09:00:00,42724099999,AGARTALA,23.887,91.24,27.4,1002.7,96.54
1983-07-06T06:00:00,42724099999,AGARTALA,23.887,91.24,31.0,1005.0,77.49
1983-07-06T12:00:00,42724099999,AGARTALA,23.887,91.24,28.2,1002.4,83.81
1983-07-07T00:00:00,42724099999,AGARTALA,23.887,91.24,25.8,1002.6,96.5
1983-07-07T03:00:00,42724099999,AGARTALA,23.887,91.24,29.4,1003.2,81.98
1983-07-07T12:00:00,42724099999,AGARTALA,23.887,91.24,31.0,1002.3,76.13
1983-07-08T03:00:00,42724099999,AGARTALA,23.887,91.24,29.8,1002.4,85.98
1983-07-08T06:00:00,42724099999,AGARTALA,23.887,91.24,31.7,1000.7,74.02
1983-07-08T09:00:00,42724099999,AGARTALA,23.887,91.24,34.6,999.4,64.78
1983-07-08T12:00:00,42724099999,AGARTALA,23.887,91.24,31.6,999.7,78.95
1983-07-08T15:00:00,42724099999,AGARTALA,23.887,91.24,28.6,1001.7,85.36
1983-07-09T00:00:00,42724099999,AGARTALA,23.887,91.24,27.2,1004.0,96.53
1983-07-09T03:00:00,42724099999,AGARTALA,23.887,91.24,29.2,1005.2,86.43
1983-07-09T06:00:00,42724099999,AGARTALA,23.887,91.24,31.2,1004.2,74.38
1983-07-09T09:00:00,42724099999,AGARTALA,23.887,91.24,33.0,1002.5,69.19
1983-07-09T12:00:00,42724099999,AGARTALA,23.887,91.24,31.4,1002.6,77.54
1983-07-09T15:00:00,42724099999,AGARTALA,23.887,91.24,27.8,1003.9,94.86
1983-07-10T00:00:00,42724099999,AGARTALA,23.887,91.24,27.2,1006.0,93.73
1983-07-10T03:00:00,42724099999,AGARTALA,23.887,91.24,28.2,1007.2,93.22
1983-07-10T06:00:00,42724099999,AGARTALA,23.887,91.24,31.8,1005.8,74.92
1983-07-10T09:00:00,42724099999,AGARTALA,23.887,91.24,32.8,1003.5,71.64
1983-07-10T15:00:00,42724099999,AGARTALA,23.887,91.24,27.4,1005.0,95.41
1983-07-11T00:00:00,42724099999,AGARTALA,23.887,91.24,26.8,1005.1,95.39
1983-07-11T06:00:00,42724099999,AGARTALA,23.887,91.24,32.6,1005.1,71.6
1983-07-11T12:00:00,42724099999,AGARTALA,23.887,91.24,32.0,1002.5,71.08
1983-07-12T00:00:00,42724099999,AGARTALA,23.887,91.24,27.0,1003.6,98.25
1983-07-12T03:00:00,42724099999,AGARTALA,23.887,91.24,30.0,1005.7,82.54
1983-07-12T09:00:00,42724099999,AGARTALA,23.887,91.24,33.4,1001.1,69.67
1983-07-12T12:00:00,42724099999,AGARTALA,23.887,91.24,31.8,999.8,76.25
1983-07-12T15:00:00,42724099999,AGARTALA,23.887,91.24,30.0,1001.4,88.04
1983-07-13T03:00:00,42724099999,AGARTALA,23.887,91.24,30.0,1004.6,83.51
1983-07-13T06:00:00,42724099999,AGARTALA,23.887,91.24,30.6,1004.0,84.07
1983-07-13T12:00:00,42724099999,AGARTALA,23.887,91.24,31.2,1000.5,70.93
1983-07-13T15:00:00,42724099999,AGARTALA,23.887,91.24,,1001.8,
1983-07-14T03:00:00,42724099999,AGARTALA,23.887,91.24,30.0,1004.0,83.51
1983-07-14T06:00:00,42724099999,AGARTALA,23.887,91.24,31.0,1003.7,76.13
1983-07-14T09:00:00,42724099999,AGARTALA,23.887,91.24,32.6,1000.9,70.35
1983-07-14T12:00:00,42724099999,AGARTALA,23.887,91.24,30.6,1000.7,79.75
1983-07-14T15:00:00,42724099999,AGARTALA,23.887,91.24,28.4,1002.3,93.78
1983-07-15T00:00:00,42724099999,AGARTALA,23.887,91.24,26.2,1002.8,100.0
1983-07-15T03:00:00,42724099999,AGARTALA,23.887,91.24,29.8,1003.8,84.98
1983-07-15T12:00:00,42724099999,AGARTALA,23.887,91.24,30.1,1000.3,84.51
1983-07-15T15:00:00,42724099999,AGARTALA,23.887,91.24,27.8,1001.4,92.11
1983-07-15T18:00:00,42724099999,AGARTALA,23.887,91.24,27.4,1001.4,95.41
1983-07-16T00:00:00,42724099999,AGARTALA,23.887,91.24,27.6,,93.74
1983-07-16T01:00:00,42724099999,AGARTALA,23.887,91.24,,1001.0,
1983-07-16T06:00:00,42724099999,AGARTALA,23.887,91.24,32.8,1001.0,71.64
1983-07-16T12:00:00,42724099999,AGARTALA,23.887,91.24,29.4,999.1,89.55
1983-07-16T15:00:00,42724099999,AGARTALA,23.887,91.24,28.6,1000.3,90.55
1983-07-17T00:00:00,42724099999,AGARTALA,23.887,91.24,26.6,1001.0,94.82
1983-07-17T03:00:00,42724099999,AGARTALA,23.887,91.24,29.6,1002.0,86.47
1983-07-17T06:00:00,42724099999,AGARTALA,23.887,91.24,33.0,1001.7,72.94
1983-07-18T00:00:00,42724099999,AGARTALA,23.887,91.24,27.2,1000.6,95.4
1983-07-18T03:00:00,42724099999,AGARTALA,23.887,91.24,30.4,1000.2,84.05
1983-07-18T06:00:00,42724099999,AGARTALA,23.887,91.24,32.0,999.4,71.08
1983-07-18T09:00:00,42724099999,AGARTALA,23.887,91.24,32.0,996.9,73.64
1983-07-18T15:00:00,42724099999,AGARTALA,23.887,91.24,29.0,998.2,94.36
1983-07-19T00:00:00,42724099999,AGARTALA,23.887,91.24,26.8,998.0,93.71
1983-07-19T03:00:00,42724099999,AGARTALA,23.887,91.24,30.0,999.5,79.67
1983-07-19T06:00:00,42724099999,AGARTALA,23.887,91.24,32.0,998.9,76.28
1983-07-19T09:00:00,42724099999,AGARTALA,23.887,91.24,32.6,996.6,71.6
1983-07-19T12:00:00,42724099999,AGARTALA,23.887,91.24,30.8,997.2,79.77
1983-07-19T15:00:00,42724099999,AGARTALA,23.887,91.24,28.6,999.2,90.55
1983-07-20T00:00:00,42724099999,AGARTALA,23.887,91.24,26.6,1000.3,96.52
1983-07-20T03:00:00,42724099999,AGARTALA,23.887,91.24,38.3,1001.2,
1983-07-20T06:00:00,42724099999,AGARTALA,23.887,91.24,33.0,1000.1,61.81
1983-07-20T09:00:00,42724099999,AGARTALA,23.887,91.24,33.8,999.2,60.53
1983-07-20T12:00:00,42724099999,AGARTALA,23.887,91.24,30.4,999.3,76.94
1983-07-20T15:00:00,42724099999,AGARTALA,23.887,91.24,27.8,1001.2,91.03
1983-07-21T00:00:00,42724099999,AGARTALA,23.887,91.24,27.2,1001.6,79.77
1983-07-21T03:00:00,42724099999,AGARTALA,23.887,91.24,29.4,998.2,74.98
1983-07-21T06:00:00,42724099999,AGARTALA,23.887,91.24,30.4,1003.0,79.72
1983-07-21T09:00:00,42724099999,AGARTALA,23.887,91.24,29.0,1001.6,87.95
1983-07-21T12:00:00,42724099999,AGARTALA,23.887,91.24,27.8,1002.1,90.49
1983-07-21T15:00:00,42724099999,AGARTALA,23.887,91.24,26.4,1004.7,97.09
1983-07-21T18:00:00,42724099999,AGARTALA,23.887,91.24,26.2,1005.0,94.8
1983-07-22T00:00:00,42724099999,AGARTALA,23.887,91.24,,1005.2,
1983-07-22T03:00:00,42724099999,AGARTALA,23.887,91.24,26.0,1006.4,96.5
1983-07-22T06:00:00,42724099999,AGARTALA,23.887,91.24,27.4,1005.7,96.54
1983-07-22T09:00:00,42724099999,AGARTALA,23.887,91.24,29.0,1003.7,87.95
1983-07-22T12:00:00,42724099999,AGARTALA,23.887,91.24,29.0,1003.4,86.41
1983-07-23T03:00:00,42724099999,AGARTALA,23.887,91.24,27.4,1006.4,90.47
1983-07-23T06:00:00,42724099999,AGARTALA,23.887,91.24,30.0,1005.9,82.54
1983-07-23T09:00:00,42724099999,AGARTALA,23.887,91.24,29.2,1003.9,83.42
1983-07-23T12:00:00,42724099999,AGARTALA,23.887,91.24,27.2,1003.8,92.08
1983-07-23T15:00:00,42724099999,AGARTALA,23.887,91.24,26.2,1006.3,94.8
1983-07-24T03:00:00,42724099999,AGARTALA,23.887,91.24,28.2,1006.6,85.83
1983-07-24T06:00:00,42724099999,AGARTALA,23.887,91.24,30.6,1005.6,75.62
1983-07-24T09:00:00,42724099999,AGARTALA,23.887,91.24,30.4,1003.4,81.14
1983-07-24T15:00:00,42724099999,AGARTALA,23.887,91.24,27.2,1005.5,90.45
1983-07-25T00:00:00,42724099999,AGARTALA,23.887,91.24,25.8,1004.6,96.5
1983-07-25T03:00:00,42724099999,AGARTALA,23.887,91.24,27.2,1005.4,87.28
1983-07-25T06:00:00,42724099999,AGARTALA,23.887,91.24,30.6,1005.3,72.97
1983-07-25T09:00:00,42724099999,AGARTALA,23.887,91.24,30.6,1003.1,78.35
1983-07-25T12:00:00,42724099999,AGARTALA,23.887,91.24,27.4,1004.0,88.87
1983-07-26T12:00:00,42724099999,AGARTALA,23.887,91.24,27.4,1005.1,100.0
1983-07-26T18:00:00,42724099999,AGARTALA,23.887,91.24,26.0,1007.2,94.8
1983-07-27T09:00:00,42724099999,AGARTALA,23.887,91.24,30.8,1005.7,77.0
1983-07-27T12:00:00,42724099999,AGARTALA,23.887,91.24,29.4,1004.2,81.98
1983-07-28T00:00:00,42724099999,AGARTALA,23.887,91.24,26.0,1005.8,96.5
1983-07-28T03:00:00,42724099999,AGARTALA,23.887,91.24,28.6,1007.6,86.37
1983-07-28T09:00:00,42724099999,AGARTALA,23.887,91.24,30.8,1003.1,78.38
1983-07-29T00:00:00,42724099999,AGARTALA,23.887,91.24,26.0,1003.9,94.8
1983-07-29T03:00:00,42724099999,AGARTALA,23.887,91.24,27.8,1005.9,88.9
1983-07-29T06:00:00,42724099999,AGARTALA,23.887,91.24,30.2,1004.4,81.11
1983-07-29T09:00:00,42724099999,AGARTALA,23.887,91.24,28.8,1002.0,93.8
1983-07-29T12:00:00,42724099999,AGARTALA,23.887,91.24,30.6,999.4,78.35
1983-07-29T15:00:00,42724099999,AGARTALA,23.887,91.24,27.0,1003.1,95.4
1983-07-29T18:00:00,42724099999,AGARTALA,23.887,91.24,27.0,1004.1,95.4
1983-07-30T00:00:00,42724099999,AGARTALA,23.887,91.24,25.6,,98.23
1983-07-30T03:00:00,42724099999,AGARTALA,23.887,91.24,27.2,1004.7,93.73
1983-07-30T09:00:00,42724099999,AGARTALA,23.887,91.24,30.8,1002.2,77.0
1983-07-30T12:00:00,42724099999,AGARTALA,23.887,91.24,29.4,1001.4,83.45
1983-07-30T15:00:00,42724099999,AGARTALA,23.887,91.24,,1004.5,
1983-07-30T18:00:00,42724099999,AGARTALA,23.887,91.24,26.7,1005.7,94.26
1983-07-31T00:00:00,42724099999,AGARTALA,23.887,91.24,25.2,1003.9,98.23
1983-07-31T06:00:00,42724099999,AGARTALA,23.887,91.24,29.8,1003.2,79.64
1983-07-31T09:00:00,42724099999,AGARTALA,23.887,91.24,30.2,1001.0,84.03
1983-08-01T00:00:00,42724099999,AGARTALA,23.887,91.24,25.8,1007.1,98.24
1983-08-01T03:00:00,42724099999,AGARTALA,23.887,91.24,27.8,1003.7,90.49
1983-08-01T12:00:00,42724099999,AGARTALA,23.887,91.24,28.0,1000.7,90.51
1983-08-01T15:00:00,42724099999,AGARTALA,23.887,91.24,27.0,1003.1,90.44
1983-08-02T00:00:00,42724099999,AGARTALA,23.887,91.24,24.8,1002.6,96.47
1983-08-02T03:00:00,42724099999,AGARTALA,23.887,91.24,29.6,1003.6,76.82
1983-08-02T09:00:00,42724099999,AGARTALA,23.887,91.24,30.0,1001.1,82.54
1983-08-02T12:00:00,42724099999,AGARTALA,23.887,91.24,26.4,1001.1,94.81
1983-08-02T15:00:00,42724099999,AGARTALA,23.887,91.24,25.8,1003.6,94.79
1983-08-03T00:00:00,42724099999,AGARTALA,23.887,91.24,24.8,1002.7,98.22
1983-08-03T03:00:00,42724099999,AGARTALA,23.887,91.24,25.0,1003.0,97.06
1983-08-03T06:00:00,42724099999,AGARTALA,23.887,91.24,25.0,1002.0,96.48
1983-08-03T12:00:00,42724099999,AGARTALA,23.887,91.24,28.3,1000.4,98.27
1983-08-03T15:00:00,42724099999,AGARTALA,23.887,91.24,24.8,1000.4,100.0
1983-08-04T03:00:00,42724099999,AGARTALA,23.887,91.24,25.6,1000.6,98.23
1983-08-04T06:00:00,42724099999,AGARTALA,23.887,91.24,25.4,1001.0,100.0
1983-08-04T09:00:00,42724099999,AGARTALA,23.887,91.24,25.6,1000.7,96.49
1983-08-05T00:00:00,42724099999,AGARTALA,23.887,91.24,24.4,1003.2,98.22
1983-08-05T03:00:00,42724099999,AGARTALA,23.887,91.24,24.6,1003.0,96.47
1983-08-05T09:00:00,42724099999,AGARTALA,23.887,91.24,26.4,1003.8,96.51
1983-08-05T12:00:00,42724099999,AGARTALA,23.887,91.24,26.4,1001.1,93.69
1983-08-05T18:00:00,42724099999,AGARTALA,23.887,91.24,25.4,1004.3,96.49
1983-08-06T00:00:00,42724099999,AGARTALA,23.887,91.24,25.6,1003.9,93.1
1983-08-06T03:00:00,42724099999,AGARTALA,23.887,91.24,25.4,1006.4,98.23
1983-08-06T06:00:00,42724099999,AGARTALA,23.887,91.24,30.0,1005.9,77.8
1983-08-06T09:00:00,42724099999,AGARTALA,23.887,91.24,30.2,1004.2,88.05
1983-08-06T12:00:00,42724099999,AGARTALA,23.887,91.24,29.2,1003.3,90.59
1983-08-07T00:00:00,42724099999,AGARTALA,23.887,91.24,26.4,1006.7,98.24
1983-08-07T06:00:00,42724099999,AGARTALA,23.887,91.24,32.0,1007.1,76.28
1983-08-07T09:00:00,42724099999,AGARTALA,23.887,91.24,,1005.0,
1983-08-08T06:00:00,42724099999,AGARTALA,23.887,91.24,32.8,1005.8,70.39
1983-08-09T00:00:00,42724099999,AGARTALA,23.887,91.24,26.4,1005.4,94.81
1983-08-09T03:00:00,42724099999,AGARTALA,23.887,91.24,29.0,1004.6,77.66
1983-08-09T18:00:00,42724099999,AGARTALA,23.887,91.24,26.6,1005.7,93.7
1983-08-10T00:00:00,42724099999,AGARTALA,23.887,91.24,25.4,1024.3,96.49
1983-08-10T18:00:00,42724099999,AGARTALA,23.887,91.24,26.6,1005.7,93.7
1983-08-11T03:00:00,42724099999,AGARTALA,23.887,91.24,29.0,1003.6,80.48
1983-08-11T06:00:00,42724099999,AGARTALA,23.887,91.24,31.4,1002.6,73.54
1983-08-12T03:00:00,42724099999,AGARTALA,23.887,91.24,28.8,1004.9,81.91
1983-08-12T06:00:00,42724099999,AGARTALA,23.887,91.24,20.8,1004.2,71.69
1983-08-12T09:00:00,42724099999,AGARTALA,23.887,91.24,30.6,1002.3,81.16
1983-08-12T12:00:00,42724099999,AGARTALA,23.887,91.24,29.6,1000.8,84.96
1983-08-12T15:00:00,42724099999,AGARTALA,23.887,91.24,27.8,1003.2,90.49
1983-08-13T00:00:00,42724099999,AGARTALA,23.887,91.24,25.8,1003.3,97.07
1983-08-13T03:00:00,42724099999,AGARTALA,23.887,91.24,29.2,1003.5,84.92
1983-08-13T06:00:00,42724099999,AGARTALA,23.887,91.24,25.8,1003.3,97.07
1983-08-13T18:00:00,42724099999,AGARTALA,23.887,91.24,26.4,,93.69
1983-08-14T00:00:00,42724099999,AGARTALA,23.887,91.24,25.4,1002.3,96.49
1983-08-14T03:00:00,42724099999,AGARTALA,23.887,91.24,28.4,1003.8,86.36
1983-08-15T00:00:00,42724099999,AGARTALA,23.887,91.24,26.0,1002.1,94.8
1983-08-15T06:00:00,42724099999,AGARTALA,23.887,91.24,32.2,1002.3,69.04
1983-08-15T09:00:00,42724099999,AGARTALA,23.887,91.24,32.2,,69.04
1983-08-15T18:00:00,42724099999,AGARTALA,23.887,91.24,28.2,1000.3,92.13
1983-08-16T00:00:00,42724099999,AGARTALA,23.887,91.24,25.7,1001.8,98.82
1983-08-16T03:00:00,42724099999,AGARTALA,23.887,91.24,25.7,1001.8,98.82
1983-08-18T09:00:00,42724099999,AGARTALA,23.887,91.24,30.2,1001.2,88.05
1983-08-19T03:00:00,42724099999,AGARTALA,23.887,91.24,28.4,1007.0,88.95
1983-08-19T06:00:00,42724099999,AGARTALA,23.887,91.24,32.0,1005.4,79.0
1983-08-20T09:00:00,42724099999,AGARTALA,23.887,91.24,31.0,1003.4,78.4
1983-08-20T12:00:00,42724099999,AGARTALA,23.887,91.24,29.8,1002.1,82.51
1983-08-22T01:00:00,42724099999,AGARTALA,23.887,91.24,28.6,1004.3,98.27
1983-08-22T03:00:00,42724099999,AGARTALA,23.887,91.24,28.0,1003.5,96.55
1983-08-22T06:00:00,42724099999,AGARTALA,23.887,91.24,28.6,1004.3,98.27
1983-08-23T09:00:00,42724099999,AGARTALA,23.887,91.24,26.8,1003.5,90.43
1983-08-24T03:00:00,42724099999,AGARTALA,23.887,91.24,26.8,1004.4,98.25
1983-08-25T00:00:00,42724099999,AGARTALA,23.887,91.24,24.2,1003.4,100.0
1983-08-25T03:00:00,42724099999,AGARTALA,23.887,91.24,26.6,1004.7,94.82
1983-08-25T06:00:00,42724099999,AGARTALA,23.887,91.24,27.2,1004.2,93.73
1983-08-25T09:00:00,42724099999,AGARTALA,23.887,91.24,27.2,1002.1,92.08
1983-08-25T12:00:00,42724099999,AGARTALA,23.887,91.24,27.0,1002.0,96.53
1983-08-26T00:00:00,42724099999,AGARTALA,23.887,91.24,25.6,1003.1,98.23
1983-08-26T03:00:00,42724099999,AGARTALA,23.887,91.24,26.4,,94.81
1983-08-26T06:00:00,42724099999,AGARTALA,23.887,91.24,28.6,1004.0,87.92
1983-08-26T09:00:00,42724099999,AGARTALA,23.887,91.24,29.6,1001.5,86.47
1983-08-26T15:00:00,42724099999,AGARTALA,23.887,91.24,26.8,1003.7,95.39
1983-08-27T03:00:00,42724099999,AGARTALA,23.887,91.24,28.8,1005.0,89.5
1983-08-27T06:00:00,42724099999,AGARTALA,23.887,91.24,31.0,1004.5,78.4
1983-08-27T09:00:00,42724099999,AGARTALA,23.887,91.24,31.8,1001.4,76.25
1983-08-27T12:00:00,42724099999,AGARTALA,23.887,91.24,30.0,1001.2,88.04
1983-08-27T15:00:00,42724099999,AGARTALA,23.887,91.24,27.2,1003.8,94.28
1983-08-27T18:00:00,42724099999,AGARTALA,23.887,91.24,26.6,1004.2,98.25
1983-08-28T00:00:00,42724099999,AGARTALA,23.887,91.24,25.6,1003.3,94.78
1983-08-28T06:00:00,42724099999,AGARTALA,23.887,91.24,30.6,1004.6,78.35
1983-08-28T09:00:00,42724099999,AGARTALA,23.887,91.24,31.0,1001.8,78.4
1983-08-29T00:00:00,42724099999,AGARTALA,23.887,91.24,25.8,1005.1,89.82
1983-08-29T03:00:00,42724099999,AGARTALA,23.887,91.24,28.2,1006.5,84.81
1983-08-29T06:00:00,42724099999,AGARTALA,23.887,91.24,28.2,1005.7,90.52
1983-08-29T09:00:00,42724099999,AGARTALA,23.887,91.24,29.6,1003.1,83.47
1983-08-29T12:00:00,42724099999,AGARTALA,23.887,91.24,28.2,1005.7,90.52
1983-08-29T21:00:00,42724099999,AGARTALA,23.887,91.24,,1005.9,
1983-08-30T00:00:00,42724099999,AGARTALA,23.887,91.24,25.4,1005.6,96.49
1983-08-30T03:00:00,42724099999,AGARTALA,23.887,91.24,29.0,1007.1,
1983-08-30T06:00:00,42724099999,AGARTALA,23.887,91.24,31.2,1006.5,81.24
1983-08-30T09:00:00,42724099999,AGARTALA,23.887,91.24,30.6,1004.0,82.61
1983-08-30T12:00:00,42724099999,AGARTALA,23.887,91.24,29.4,,
1983-08-31T00:00:00,42724099999,AGARTALA,23.887,91.24,26.2,1006.6,98.24
1983-08-31T03:00:00,42724099999,AGARTALA,23.887,91.24,28.6,1008.4,90.55
1983-08-31T06:00:00,42724099999,AGARTALA,23.887,91.24,30.0,1007.3,82.54
1983-08-31T12:00:00,42724099999,AGARTALA,23.887,91.24,28.6,1004.7,88.96
1983-08-31T18:00:00,42724099999,AGARTALA,23.887,91.24,26.8,1008.0,96.52
1983-09-01T00:00:00,42724099999,AGARTALA,23.887,91.24,26.0,1007.1,100.0
1983-09-01T03:00:00,42724099999,AGARTALA,23.887,91.24,26.8,1008.6,92.05
1983-09-01T06:00:00,42724099999,AGARTALA,23.887,91.24,28.4,1008.2,83.33
1983-09-01T09:00:00,42724099999,AGARTALA,23.887,91.24,30.0,1005.0,82.54
1983-09-01T12:00:00,42724099999,AGARTALA,23.887,91.24,28.8,1005.8,85.38
1983-09-01T15:00:00,42724099999,AGARTALA,23.887,91.24,27.4,1008.0,95.41
1983-09-02T00:00:00,42724099999,AGARTALA,23.887,91.24,25.8,1004.8,96.5
1983-09-02T03:00:00,42724099999,AGARTALA,23.887,91.24,28.4,1010.1,83.83
1983-09-02T06:00:00,42724099999,AGARTALA,23.887,91.24,28.0,1008.7,95.43
1983-09-02T09:00:00,42724099999,AGARTALA,23.887,91.24,30.4,1005.5,84.05
1983-09-02T12:00:00,42724099999,AGARTALA,23.887,91.24,29.8,1005.6,84.98
1983-09-03T00:00:00,42724099999,AGARTALA,23.887,91.24,25.8,1007.1,98.24
1983-09-03T03:00:00,42724099999,AGARTALA,23.887,91.24,27.8,1008.9,90.49
1983-09-03T06:00:00,42724099999,AGARTALA,23.887,91.24,30.6,1006.8,79.75
1983-09-03T09:00:00,42724099999,AGARTALA,23.887,91.24,32.0,1003.1,71.08
1983-09-03T12:00:00,42724099999,AGARTALA,23.887,91.24,29.6,1004.0,89.56
1983-09-04T03:00:00,42724099999,AGARTALA,23.887,91.24,27.8,1007.2,85.79
1983-09-04T06:00:00,42724099999,AGARTALA,23.887,91.24,30.2,1006.3,79.69
1983-09-04T09:00:00,42724099999,AGARTALA,23.887,91.24,30.6,1002.7,62.79
1983-09-04T12:00:00,42724099999,AGARTALA,23.887,91.24,28.4,1003.6,92.14
1983-09-04T15:00:00,42724099999,AGARTALA,23.887,91.24,26.4,1006.1,94.81
1983-09-04T18:00:00,42724099999,AGARTALA,23.887,91.24,26.0,1006.6,92.01
1983-09-05T00:00:00,42724099999,AGARTALA,23.887,91.24,25.4,1005.2,93.09
1983-09-05T06:00:00,42724099999,AGARTALA,23.887,91.24,30.0,1004.9,82.54
1983-09-05T15:00:00,42724099999,AGARTALA,23.887,91.24,26.0,1004.5,93.67
1983-09-06T00:00:00,42724099999,AGARTALA,23.887,91.24,25.0,1003.3,98.23
1983-09-06T09:00:00,42724099999,AGARTALA,23.887,91.24,27.4,1002.0,68.12
1983-09-06T12:00:00,42724099999,AGARTALA,23.887,91.24,26.4,1002.7,92.03
1983-09-06T15:00:00,42724099999,AGARTALA,23.887,91.24,,1005.2,
1983-09-06T18:00:00,42724099999,AGARTALA,23.887,91.24,25.8,1004.9,93.11
1983-09-07T00:00:00,42724099999,AGARTALA,23.887,91.24,25.0,1005.0,100.0
1983-09-07T03:00:00,42724099999,AGARTALA,23.887,91.24,25.2,1006.5,100.0
1983-09-07T09:00:00,42724099999,AGARTALA,23.887,91.24,27.6,1003.8,93.74
1983-09-07T12:00:00,42724099999,AGARTALA,23.887,91.24,27.6,1004.3,93.74
1983-09-07T15:00:00,42724099999,AGARTALA,23.887,91.24,26.8,1006.7,90.97
1983-09-07T18:00:00,42724099999,AGARTALA,23.887,91.24,27.0,1005.2,95.4
1983-09-08T03:00:00,42724099999,AGARTALA,23.887,91.24,26.2,1007.7,99.41
1983-09-08T06:00:00,42724099999,AGARTALA,23.887,91.24,31.2,1006.7,81.24
1983-09-08T09:00:00,42724099999,AGARTALA,23.887,91.24,30.4,1004.6,82.58
1983-09-08T12:00:00,42724099999,AGARTALA,23.887,91.24,29.6,1003.5,86.47
1983-09-08T15:00:00,42724099999,AGARTALA,23.887,91.24,27.4,1006.1,96.54
1983-09-09T00:00:00,42724099999,AGARTALA,23.887,91.24,26.0,1006.0,98.24
1983-09-09T03:00:00,42724099999,AGARTALA,23.887,91.24,28.8,1007.5,84.87
1983-09-09T06:00:00,42724099999,AGARTALA,23.887,91.24,30.8,1006.4,79.77
1983-09-09T12:00:00,42724099999,AGARTALA,23.887,91.24,28.0,1004.3,90.51
1983-09-09T15:00:00,42724099999,AGARTALA,23.887,91.24,26.8,1007.4,96.52
1983-09-10T03:00:00,42724099999,AGARTALA,23.887,91.24,27.4,1003.3,95.41
1983-09-10T09:00:00,42724099999,AGARTALA,23.887,91.24,30.6,1004.4,79.75
1983-09-10T12:00:00,42724099999,AGARTALA,23.887,91.24,29.8,1004.3,88.02
1983-09-10T15:00:00,42724099999,AGARTALA,23.887,91.24,27.8,1006.8,93.75
1983-09-11T00:00:00,42724099999,AGARTALA,23.887,91.24,26.4,1007.0,98.24
1983-09-11T03:00:00,42724099999,AGARTALA,23.887,91.24,28.8,1009.5,87.94
1983-09-11T12:00:00,42724099999,AGARTALA,23.887,91.24,29.2,1006.4,89.53
1983-09-11T15:00:00,42724099999,AGARTALA,23.887,91.24,27.2,1008.9,96.53
1983-09-12T00:00:00,42724099999,AGARTALA,23.887,91.24,26.2,1008.1,98.24
1983-09-12T03:00:00,42724099999,AGARTALA,23.887,91.24,28.6,1009.2,88.96
1983-09-12T09:00:00,42724099999,AGARTALA,23.887,91.24,31.8,1006.1,69.79
1983-09-12T15:00:00,42724099999,AGARTALA,23.887,91.24,27.6,1007.5,93.74
1983-09-13T06:00:00,42724099999,AGARTALA,23.887,91.24,31.4,1007.8,73.54
1983-09-13T09:00:00,42724099999,AGARTALA,23.887,91.24,31.8,1004.6,74.92
1983-09-13T15:00:00,42724099999,AGARTALA,23.887,91.24,26.8,1007.0,92.05
1983-09-14T00:00:00,42724099999,AGARTALA,23.887,91.24,25.6,1006.2,96.49
1983-09-14T03:00:00,42724099999,AGARTALA,23.887,91.24,30.6,1006.1,76.97
1983-09-14T09:00:00,42724099999,AGARTALA,23.887,91.24,29.6,1004.3,86.47
1983-09-14T12:00:00,42724099999,AGARTALA,23.887,91.24,26.8,1003.3,95.39
1983-09-14T15:00:00,42724099999,AGARTALA,23.887,91.24,25.8,1005.6,96.5
1983-09-15T00:00:00,42724099999,AGARTALA,23.887,91.24,25.0,1004.7,94.76
1983-09-15T03:00:00,42724099999,AGARTALA,23.887,91.24,26.8,1006.3,90.43
1983-09-15T06:00:00,42724099999,AGARTALA,23.887,91.24,28.8,1004.8,81.91
1983-09-15T09:00:00,42724099999,AGARTALA,23.887,91.24,25.8,1002.4,100.0
1983-09-15T12:00:00,42724099999,AGARTALA,23.887,91.24,26.6,1003.0,94.82
1983-09-15T15:00:00,42724099999,AGARTALA,23.887,91.24,25.8,1005.5,96.5
1983-09-15T18:00:00,42724099999,AGARTALA,23.887,91.24,25.2,1005.4,98.23
1983-09-16T00:00:00,42724099999,AGARTALA,23.887,91.24,24.8,1004.4,94.75
1983-09-16T03:00:00,42724099999,AGARTALA,23.887,91.24,27.8,1006.5,84.27
1983-09-16T06:00:00,42724099999,AGARTALA,23.887,91.24,29.4,1005.1,81.98
1983-09-16T09:00:00,42724099999,AGARTALA,23.887,91.24,29.2,1002.8,59.49
1983-09-16T12:00:00,42724099999,AGARTALA,23.887,91.24,27.8,1004.0,85.79
1983-09-16T18:00:00,42724099999,AGARTALA,23.887,91.24,25.2,1006.8,100.0
1983-09-17T00:00:00,42724099999,AGARTALA,23.887,91.24,24.4,1006.9,100.0
1983-09-17T06:00:00,42724099999,AGARTALA,23.887,91.24,28.6,1006.7,86.37
1983-09-17T09:00:00,42724099999,AGARTALA,23.887,91.24,26.4,1003.5,96.51
1983-09-17T12:00:00,42724099999,AGARTALA,23.887,91.24,26.8,1003.3,92.05
1983-09-17T15:00:00,42724099999,AGARTALA,23.887,91.24,26.2,1006.5,94.8
1983-09-17T18:00:00,42724099999,AGARTALA,23.887,91.24,26.0,1006.6,94.8
1983-09-18T00:00:00,42724099999,AGARTALA,23.887,91.24,24.8,1005.8,100.0
1983-09-18T03:00:00,42724099999,AGARTALA,23.887,91.24,26.0,1007.9,94.8
1983-09-18T06:00:00,42724099999,AGARTALA,23.887,91.24,26.2,1006.8,98.24
1983-09-18T09:00:00,42724099999,AGARTALA,23.887,91.24,28.6,1004.5,86.37
1983-09-18T12:00:00,42724099999,AGARTALA,23.887,91.24,27.6,1004.7,92.1
1983-09-18T15:00:00,42724099999,AGARTALA,23.887,91.24,26.0,1006.8,94.8
1983-09-19T00:00:00,42724099999,AGARTALA,23.887,91.24,,1003.3,
1983-09-19T03:00:00,42724099999,AGARTALA,23.887,91.24,27.4,1008.2,93.74
1983-09-19T06:00:00,42724099999,AGARTALA,23.887,91.24,30.4,1007.1,76.94
1983-09-19T09:00:00,42724099999,AGARTALA,23.887,91.24,26.6,1005.0,92.59
1983-09-19T12:00:00,42724099999,AGARTALA,23.887,91.24,27.4,1005.8,93.74
1983-09-19T15:00:00,42724099999,AGARTALA,23.887,91.24,26.4,1007.3,96.51
1983-09-19T18:00:00,42724099999,AGARTALA,23.887,91.24,25.8,1008.6,98.24
1983-09-20T00:00:00,42724099999,AGARTALA,23.887,91.24,25.8,1007.6,98.24
1983-09-20T01:00:00,42724099999,AGARTALA,23.887,91.24,31.4,1007.9,
1983-09-20T03:00:00,42724099999,AGARTALA,23.887,91.24,28.8,1008.8,87.94
1983-09-20T06:00:00,42724099999,AGARTALA,23.887,91.24,31.4,1007.9,77.54
1983-09-20T09:00:00,42724099999,AGARTALA,23.887,91.24,32.2,1004.1,74.98
1983-09-20T12:00:00,42724099999,AGARTALA,23.887,91.24,31.4,1007.9,
1983-09-20T15:00:00,42724099999,AGARTALA,23.887,91.24,27.4,1006.5,93.74
1983-09-21T00:00:00,42724099999,AGARTALA,23.887,91.24,26.2,1006.1,96.51
1983-09-21T03:00:00,42724099999,AGARTALA,23.887,91.24,28.8,1008.1,86.39
1983-09-21T06:00:00,42724099999,AGARTALA,23.887,91.24,30.8,1006.7,79.77
1983-09-21T09:00:00,42724099999,AGARTALA,23.887,91.24,28.0,1004.2,85.81
1983-09-21T12:00:00,42724099999,AGARTALA,23.887,91.24,27.2,1004.4,90.45
1983-09-21T18:00:00,42724099999,AGARTALA,23.887,91.24,25.8,1007.2,96.5
1983-09-22T00:00:00,42724099999,AGARTALA,23.887,91.24,25.4,1007.1,98.23
1983-09-22T03:00:00,42724099999,AGARTALA,23.887,91.24,28.6,1009.8,86.37
1983-09-22T06:00:00,42724099999,AGARTALA,23.887,91.24,31.8,,69.79
1983-09-22T09:00:00,42724099999,AGARTALA,23.887,91.24,29.4,1005.3,81.98
1983-09-22T12:00:00,42724099999,AGARTALA,23.887,91.24,29.0,1006.4,89.52
1983-09-22T15:00:00,42724099999,AGARTALA,23.887,91.24,26.8,1007.7,96.52
1983-09-22T18:00:00,42724099999,AGARTALA,23.887,91.24,26.6,1008.4,96.52
1983-09-23T00:00:00,42724099999,AGARTALA,23.887,91.24,25.8,1008.1,96.5
1983-09-23T03:00:00,42724099999,AGARTALA,23.887,91.24,28.8,1010.3,83.38
1983-09-23T06:00:00,42724099999,AGARTALA,23.887,91.24,31.5,1008.3,75.76
1983-09-23T09:00:00,42724099999,AGARTALA,23.887,91.24,32.3,1005.8,73.26
1983-09-23T12:00:00,42724099999,AGARTALA,23.887,91.24,29.6,1004.3,86.47
1983-09-23T15:00:00,42724099999,AGARTALA,23.887,91.24,28.2,1009.9,95.44
1983-09-24T00:00:00,42724099999,AGARTALA,23.887,91.24,24.6,1010.0,98.81
1983-09-24T03:00:00,42724099999,AGARTALA,23.887,91.24,25.4,1011.8,97.65
1983-09-24T06:00:00,42724099999,AGARTALA,23.887,91.24,29.4,1009.9,79.11
1983-09-24T12:00:00,42724099999,AGARTALA,23.887,91.24,28.8,1006.2,86.39
1983-09-24T15:00:00,42724099999,AGARTALA,23.887,91.24,27.0,1007.9,95.4
1983-09-25T03:00:00,42724099999,AGARTALA,23.887,91.24,29.6,1008.9,81.04
1983-09-25T05:00:00,42724099999,AGARTALA,23.887,91.24,31.8,1003.1,70.62
1983-09-25T06:00:00,42724099999,AGARTALA,23.887,91.24,32.2,1007.2,60.53
1983-09-25T09:00:00,42724099999,AGARTALA,23.887,91.24,31.2,1003.6,74.82
1983-09-25T15:00:00,42724099999,AGARTALA,23.887,91.24,27.7,1005.3,93.2
1983-09-26T00:00:00,42724099999,AGARTALA,23.887,91.24,25.8,1005.2,100.0
1983-09-26T03:00:00,42724099999,AGARTALA,23.887,91.24,29.4,1006.8,81.98
1983-09-26T06:00:00,42724099999,AGARTALA,23.887,91.24,31.4,1005.0,73.54
1983-09-26T09:00:00,42724099999,AGARTALA,23.887,91.24,31.8,1002.6,76.25
1983-09-26T12:00:00,42724099999,AGARTALA,23.887,91.24,27.2,1002.8,98.25
1983-09-27T03:00:00,42724099999,AGARTALA,23.887,91.24,29.2,1006.9,83.42
1983-09-27T06:00:00,42724099999,AGARTALA,23.887,91.24,30.0,1005.6,83.51
1983-09-27T09:00:00,42724099999,AGARTALA,23.887,91.24,28.0,1003.8,88.92
1983-09-27T12:00:00,42724099999,AGARTALA,23.887,91.24,26.8,1004.3,96.52
1983-09-27T15:00:00,42724099999,AGARTALA,23.887,91.24,26.2,1006.6,98.24
1983-09-28T00:00:00,42724099999,AGARTALA,23.887,91.24,25.8,1005.9,96.5
1983-09-28T03:00:00,42724099999,AGARTALA,23.887,91.24,29.4,1006.7,79.11
1983-09-28T06:00:00,42724099999,AGARTALA,23.887,91.24,31.4,1004.9,76.19
1983-09-28T09:00:00,42724099999,AGARTALA,23.887,91.24,31.8,1002.3,77.6
1983-09-28T12:00:00,42724099999,AGARTALA,23.887,91.24,29.8,1003.0,89.57
1983-09-28T15:00:00,42724099999,AGARTALA,23.887,91.24,28.0,1005.0,95.43
1983-09-29T00:00:00,42724099999,AGARTALA,23.887,91.24,25.6,1005.9,98.23
1983-09-29T03:00:00,42724099999,AGARTALA,23.887,91.24,31.0,1007.2,77.49
1983-09-29T06:00:00,42724099999,AGARTALA,23.887,91.24,32.2,1005.9,79.03
1983-09-29T09:00:00,42724099999,AGARTALA,23.887,91.24,30.8,1003.6,85.08
1983-09-29T12:00:00,42724099999,AGARTALA,23.887,91.24,28.6,1004.6,94.89
1983-09-29T15:00:00,42724099999,AGARTALA,23.887,91.24,27.4,1007.5,93.74
1983-09-29T18:00:00,42724099999,AGARTALA,23.887,91.24,26.4,1008.2,96.51
1983-09-30T00:00:00,42724099999,AGARTALA,23.887,91.24,25.4,1007.9,94.77
1983-09-30T03:00:00,42724099999,AGARTALA,23.887,91.24,27.2,1009.2,90.45
1983-09-30T06:00:00,42724099999,AGARTALA,23.887,91.24,30.6,1007.1,78.35
1983-09-30T09:00:00,42724099999,AGARTALA,23.887,91.24,31.4,1005.5,77.54
1983-09-30T12:00:00,42724099999,AGARTALA,23.887,91.24,29.4,1004.6,81.98
1983-09-30T15:00:00,42724099999,AGARTALA,23.887,91.24,27.6,1007.4,93.74
1983-10-01T03:00:00,42724099999,AGARTALA,23.887,91.24,29.8,1007.2,84.98
1983-10-01T06:00:00,42724099999,AGARTALA,23.887,91.24,32.0,1005.2,80.4
1983-10-01T09:00:00,42724099999,AGARTALA,23.887,91.24,31.3,1002.2,82.21
1983-10-01T12:00:00,42724099999,AGARTALA,23.887,91.24,32.0,1005.2,80.4
1983-10-02T00:00:00,42724099999,AGARTALA,23.887,91.24,24.8,1005.6,84.97
1983-10-02T03:00:00,42724099999,AGARTALA,23.887,91.24,26.8,1006.3,87.24
1983-10-02T06:00:00,42724099999,AGARTALA,23.887,91.24,31.3,1004.5,73.09
1983-10-02T09:00:00,42724099999,AGARTALA,23.887,91.24,32.8,1001.9,74.2
1983-10-02T12:00:00,42724099999,AGARTALA,23.887,91.24,30.0,1002.1,89.59
1983-10-03T03:00:00,42724099999,AGARTALA,23.887,91.24,29.8,1007.0,78.23
1983-10-03T06:00:00,42724099999,AGARTALA,23.887,91.24,31.8,1005.3,73.6
1983-10-03T09:00:00,42724099999,AGARTALA,23.887,91.24,32.2,1003.2,74.98
1983-10-03T15:00:00,42724099999,AGARTALA,23.887,91.24,27.8,1004.5,96.55
1983-10-03T18:00:00,42724099999,AGARTALA,23.887,91.24,28.0,1005.1,95.43
1983-10-04T03:00:00,42724099999,AGARTALA,23.887,91.24,30.0,1006.1,83.51
1983-10-04T06:00:00,42724099999,AGARTALA,23.887,91.24,32.0,1004.3,80.4
1983-10-04T09:00:00,42724099999,AGARTALA,23.887,91.24,32.2,1002.0,76.31
1983-10-04T12:00:00,42724099999,AGARTALA,23.887,91.24,28.4,1002.2,95.44
1983-10-05T03:00:00,42724099999,AGARTALA,23.887,91.24,28.0,1005.7,98.26
1983-10-05T15:00:00,42724099999,AGARTALA,23.887,91.24,28.0,1005.7,98.26
1983-10-06T00:00:00,42724099999,AGARTALA,23.887,91.24,25.2,1006.4,98.23
1983-10-06T03:00:00,42724099999,AGARTALA,23.887,91.24,27.4,1008.6,94.29
1983-10-06T06:00:00,42724099999,AGARTALA,23.887,91.24,29.0,1007.4,89.52
1983-10-06T09:00:00,42724099999,AGARTALA,23.887,91.24,28.8,1005.4,87.94
1983-10-06T12:00:00,42724099999,AGARTALA,23.887,91.24,27.2,1006.2,93.73
1983-10-07T00:00:00,42724099999,AGARTALA,23.887,91.24,25.4,1007.4,98.23
1983-10-07T03:00:00,42724099999,AGARTALA,23.887,91.24,26.8,1009.6,92.05
1983-10-07T06:00:00,42724099999,AGARTALA,23.887,91.24,28.6,1008.4,84.85
1983-10-07T09:00:00,42724099999,AGARTALA,23.887,91.24,29.2,1006.4,81.96
1983-10-07T12:00:00,42724099999,AGARTALA,23.887,91.24,25.6,1007.3,96.49
1983-10-07T15:00:00,42724099999,AGARTALA,23.887,91.24,25.2,,98.23
1983-10-07T18:00:00,42724099999,AGARTALA,23.887,91.24,25.0,1009.0,100.0
1983-10-08T00:00:00,42724099999,AGARTALA,23.887,91.24,24.8,1008.4,98.22
1983-10-08T03:00:00,42724099999,AGARTALA,23.887,91.24,28.2,1010.2,83.81
1983-10-08T06:00:00,42724099999,AGARTALA,23.887,91.24,30.0,1009.1,78.26
1983-10-08T09:00:00,42724099999,AGARTALA,23.887,91.24,30.0,1006.8,85.0
1983-10-08T12:00:00,42724099999,AGARTALA,23.887,91.24,27.4,1007.2,93.74
1983-10-08T15:00:00,42724099999,AGARTALA,23.887,91.24,26.6,1008.9,97.67
1983-10-09T00:00:00,42724099999,AGARTALA,23.887,91.24,24.6,1008.1,96.47
1983-10-09T06:00:00,42724099999,AGARTALA,23.887,91.24,29.4,1008.3,84.94
1983-10-09T09:00:00,42724099999,AGARTALA,23.887,91.24,29.6,1006.1,79.61
1983-10-09T12:00:00,42724099999,AGARTALA,23.887,91.24,25.6,1007.5,100.0
1983-10-09T15:00:00,42724099999,AGARTALA,23.887,91.24,25.3,1009.4,97.06
1983-10-09T18:00:00,42724099999,AGARTALA,23.887,91.24,24.8,1009.3,97.64
1983-10-10T00:00:00,42724099999,AGARTALA,23.887,91.24,24.4,1009.8,98.22
1983-10-10T03:00:00,42724099999,AGARTALA,23.887,91.24,27.4,1010.7,90.47
1983-10-10T06:00:00,42724099999,AGARTALA,23.887,91.24,29.4,1009.3,81.98
1983-10-10T09:00:00,42724099999,AGARTALA,23.887,91.24,27.2,1007.1,90.45
1983-10-10T12:00:00,42724099999,AGARTALA,23.887,91.24,25.2,1007.9,96.48
1983-10-10T15:00:00,42724099999,AGARTALA,23.887,91.24,24.8,1009.9,96.47
1983-10-10T18:00:00,42724099999,AGARTALA,23.887,91.24,25.4,1009.6,97.07
1983-10-11T00:00:00,42724099999,AGARTALA,23.887,91.24,24.6,1008.5,98.22
1983-10-11T03:00:00,42724099999,AGARTALA,23.887,91.24,25.4,1010.2,96.49
1983-10-11T06:00:00,42724099999,AGARTALA,23.887,91.24,25.8,1008.9,94.79
1983-10-11T09:00:00,42724099999,AGARTALA,23.887,91.24,27.4,1007.9,88.87
1983-10-11T12:00:00,42724099999,AGARTALA,23.887,91.24,26.0,1007.2,94.8
1983-10-11T15:00:00,42724099999,AGARTALA,23.887,91.24,25.0,1008.5,100.0
1983-10-11T18:00:00,42724099999,AGARTALA,23.887,91.24,25.2,1008.3,98.23
1983-10-12T03:00:00,42724099999,AGARTALA,23.887,91.24,28.0,1007.5,85.81
1983-10-12T06:00:00,42724099999,AGARTALA,23.887,91.24,29.4,1005.8,80.54
1983-10-12T09:00:00,42724099999,AGARTALA,23.887,91.24,30.6,1002.8,82.61
1983-10-12T12:00:00,42724099999,AGARTALA,23.887,91.24,28.8,1003.1,89.5
1983-10-12T18:00:00,42724099999,AGARTALA,23.887,91.24,25.8,1004.8,98.24
1983-10-13T00:00:00,42724099999,AGARTALA,23.887,91.24,24.4,1003.8,100.0
1983-10-13T03:00:00,42724099999,AGARTALA,23.887,91.24,27.4,1006.2,84.22
1983-10-13T06:00:00,42724099999,AGARTALA,23.887,91.24,31.4,1003.9,76.19
1983-10-13T09:00:00,42724099999,AGARTALA,23.887,91.24,31.2,1002.3,78.89
1983-10-13T12:00:00,42724099999,AGARTALA,23.887,91.24,28.4,1003.1,90.53
1983-10-13T15:00:00,42724099999,AGARTALA,23.887,91.24,27.0,1005.3,93.72
1983-10-13T18:00:00,42724099999,AGARTALA,23.887,91.24,26.2,1005.5,94.8
1983-10-14T00:00:00,42724099999,AGARTALA,23.887,91.24,25.2,1004.6,98.23
1983-10-14T03:00:00,42724099999,AGARTALA,23.887,91.24,30.0,1005.6,82.54
1983-10-14T06:00:00,42724099999,AGARTALA,23.887,91.24,31.2,1004.6,79.82
1983-10-14T09:00:00,42724099999,AGARTALA,23.887,91.24,30.8,1002.2,84.09
1983-10-14T12:00:00,42724099999,AGARTALA,23.887,91.24,27.4,1004.5,95.41
1983-10-14T15:00:00,42724099999,AGARTALA,23.887,91.24,27.4,1004.5,95.41
1983-10-14T18:00:00,42724099999,AGARTALA,23.887,91.24,26.8,1004.8,95.39
1983-10-15T03:00:00,42724099999,AGARTALA,23.887,91.24,25.2,1005.2,93.08
1983-10-15T06:00:00,42724099999,AGARTALA,23.887,91.24,26.4,1003.8,92.03
1983-10-15T09:00:00,42724099999,AGARTALA,23.887,91.24,27.0,1000.3,90.44
1983-10-15T12:00:00,42724099999,AGARTALA,23.887,91.24,25.2,1000.8,95.34
1983-10-15T15:00:00,42724099999,AGARTALA,23.887,91.24,24.8,1001.2,100.0
1983-10-16T00:00:00,42724099999,AGARTALA,23.887,91.24,22.8,1003.6,100.0
1983-10-16T03:00:00,42724099999,AGARTALA,23.887,91.24,24.8,1006.5,96.47
1983-10-16T06:00:00,42724099999,AGARTALA,23.887,91.24,26.6,1005.3,90.41
1983-10-16T09:00:00,42724099999,AGARTALA,23.887,91.24,28.6,1004.0,86.37
1983-10-17T00:00:00,42724099999,AGARTALA,23.887,91.24,21.2,1007.7,100.0
1983-10-17T03:00:00,42724099999,AGARTALA,23.887,91.24,22.8,1010.2,100.0
1983-10-17T06:00:00,42724099999,AGARTALA,23.887,91.24,28.4,1009.5,73.03
1983-10-17T09:00:00,42724099999,AGARTALA,23.887,91.24,30.2,1007.7,45.99
1983-10-17T12:00:00,42724099999,AGARTALA,23.887,91.24,25.0,1008.1,91.4
1983-10-17T15:00:00,42724099999,AGARTALA,23.887,91.24,22.4,1009.5,94.66
1983-10-17T18:00:00,42724099999,AGARTALA,23.887,91.24,22.6,1009.5,94.67
1983-10-18T00:00:00,42724099999,AGARTALA,23.887,91.24,21.8,1009.8,96.39
1983-10-18T06:00:00,42724099999,AGARTALA,23.887,91.24,29.0,1010.4,61.68
1983-10-18T09:00:00,42724099999,AGARTALA,23.887,91.24,29.0,1008.1,66.79
1983-10-18T12:00:00,42724099999,AGARTALA,23.887,91.24,25.0,1008.0,88.14
1983-10-18T18:00:00,42724099999,AGARTALA,23.887,91.24,21.2,1009.2,96.38
1983-10-19T00:00:00,42724099999,AGARTALA,23.887,91.24,20.0,1008.2,98.16
1983-10-19T03:00:00,42724099999,AGARTALA,23.887,91.24,26.6,1009.5,79.69
1983-10-19T06:00:00,42724099999,AGARTALA,23.887,91.24,29.6,1008.0,69.8
1983-10-19T09:00:00,42724099999,AGARTALA,23.887,91.24,38.2,,45.84
1983-10-19T12:00:00,42724099999,AGARTALA,23.887,91.24,26.4,1006.7,90.4
1983-10-19T15:00:00,42724099999,AGARTALA,23.887,91.24,24.6,1007.9,98.22
1983-10-19T18:00:00,42724099999,AGARTALA,23.887,91.24,24.8,1007.5,98.22
1983-10-20T00:00:00,42724099999,AGARTALA,23.887,91.24,25.2,1007.6,96.48
1983-10-20T03:00:00,42724099999,AGARTALA,23.887,91.24,28.0,1009.4,88.92
1983-10-20T06:00:00,42724099999,AGARTALA,23.887,91.24,30.6,1008.0,78.35
1983-10-20T09:00:00,42724099999,AGARTALA,23.887,91.24,31.4,1005.6,67.26
1983-10-20T12:00:00,42724099999,AGARTALA,23.887,91.24,28.8,1006.1,89.5
1983-10-20T15:00:00,42724099999,AGARTALA,23.887,91.24,26.8,1008.2,93.71
1983-10-21T00:00:00,42724099999,AGARTALA,23.887,91.24,22.8,1019.2,98.2
1983-10-21T03:00:00,42724099999,AGARTALA,23.887,91.24,24.0,1012.5,92.45
1983-10-21T06:00:00,42724099999,AGARTALA,23.887,91.24,26.8,1011.1,80.68
1983-10-21T12:00:00,42724099999,AGARTALA,23.887,91.24,25.4,1009.7,88.18
1983-10-22T00:00:00,42724099999,AGARTALA,23.887,91.24,21.2,1012.1,98.17
1983-10-22T03:00:00,42724099999,AGARTALA,23.887,91.24,27.0,1012.8,78.31
1983-10-22T06:00:00,42724099999,AGARTALA,23.887,91.24,30.2,1011.2,63.86
1983-10-22T09:00:00,42724099999,AGARTALA,23.887,91.24,29.0,1009.0,74.91
1983-10-23T00:00:00,42724099999,AGARTALA,23.887,91.24,22.4,,98.19
1983-10-23T03:00:00,42724099999,AGARTALA,23.887,91.24,28.8,1013.4,81.91
1983-10-24T06:00:00,42724099999,AGARTALA,23.887,91.24,31.0,970.0,76.13
1983-10-24T09:00:00,42724099999,AGARTALA,23.887,91.24,30.8,1008.0,71.71
1983-10-24T12:00:00,42724099999,AGARTALA,23.887,91.24,25.0,1009.2,94.76
1983-10-25T00:00:00,42724099999,AGARTALA,23.887,91.24,22.8,1011.0,98.2
1983-10-25T03:00:00,42724099999,AGARTALA,23.887,91.24,26.8,1012.9,88.82
1983-10-25T06:00:00,42724099999,AGARTALA,23.887,91.24,29.4,1011.6,77.71
1983-10-25T09:00:00,42724099999,AGARTALA,23.887,91.24,29.6,1009.9,69.8
1983-10-25T12:00:00,42724099999,AGARTALA,23.887,91.24,25.4,1009.6,
1983-10-26T00:00:00,42724099999,AGARTALA,23.887,91.24,20.8,1014.4,98.17
1983-10-26T03:00:00,42724099999,AGARTALA,23.887,91.24,27.0,1015.7,73.69
1983-10-26T06:00:00,42724099999,AGARTALA,23.887,91.24,30.0,1014.4,38.15
1983-10-26T12:00:00,42724099999,AGARTALA,23.887,91.24,24.6,1012.2,75.59
1983-10-26T15:00:00,42724099999,AGARTALA,23.887,91.24,20.8,1013.8,94.59
1983-10-26T18:00:00,42724099999,AGARTALA,23.887,91.24,19.6,1014.3,97.54
1983-10-27T00:00:00,42724099999,AGARTALA,23.887,91.24,17.4,1014.7,98.12
1983-10-27T03:00:00,42724099999,AGARTALA,23.887,91.24,25.0,1016.0,81.94
1983-10-27T06:00:00,42724099999,AGARTALA,23.887,91.24,28.5,1014.3,63.1
1983-10-28T00:00:00,42724099999,AGARTALA,23.887,91.24,18.5,1012.6,98.75
1983-10-28T03:00:00,42724099999,AGARTALA,23.887,91.24,26.2,1013.9,82.58
1983-10-28T06:00:00,42724099999,AGARTALA,23.887,91.24,28.8,1011.9,74.88
1983-10-28T09:00:00,42724099999,AGARTALA,23.887,91.24,30.0,1009.7,64.99
1983-10-28T12:00:00,42724099999,AGARTALA,23.887,91.24,25.8,1010.4,85.59
1983-10-28T15:00:00,42724099999,AGARTALA,23.887,91.24,23.0,1012.8,96.43
1983-10-28T18:00:00,42724099999,AGARTALA,23.887,91.24,21.8,1012.4,98.18
1983-10-29T00:00:00,42724099999,AGARTALA,23.887,91.24,21.4,1012.3,98.18
1983-10-29T03:00:00,42724099999,AGARTALA,23.887,91.24,25.8,1014.2,92.0
1983-10-29T06:00:00,42724099999,AGARTALA,23.887,91.24,29.4,1012.6,74.98
1983-10-29T09:00:00,42724099999,AGARTALA,23.887,91.24,30.5,1010.5,74.71
1983-10-29T12:00:00,42724099999,AGARTALA,23.887,91.24,26.8,1011.0,92.05
1983-10-30T03:00:00,42724099999,AGARTALA,23.887,91.24,27.8,1015.6,87.33
1983-10-30T06:00:00,42724099999,AGARTALA,23.887,91.24,31.2,1013.6,73.5
1983-10-30T09:00:00,42724099999,AGARTALA,23.887,91.24,31.6,1011.7,73.57
1983-10-30T12:00:00,42724099999,AGARTALA,23.887,91.24,27.6,1012.6,90.48
1983-10-30T15:00:00,42724099999,AGARTALA,23.887,91.24,24.2,1014.6,96.46
1983-10-30T18:00:00,42724099999,AGARTALA,23.887,91.24,22.6,1014.8,98.19
1983-10-31T00:00:00,42724099999,AGARTALA,23.887,91.24,22.6,1015.1,100.0
1983-10-31T01:00:00,42724099999,AGARTALA,23.887,91.24,31.6,1014.0,71.85
1983-10-31T06:00:00,42724099999,AGARTALA,23.887,91.24,31.6,1014.0,71.85
1983-10-31T09:00:00,42724099999,AGARTALA,23.887,91.24,32.8,1011.8,63.26
1983-10-31T12:00:00,42724099999,AGARTALA,23.887,91.24,27.4,1012.5,90.47
1983-11-01T00:00:00,42724099999,AGARTALA,23.887,91.24,20.0,1013.0,100.0
1983-11-01T06:00:00,42724099999,AGARTALA,23.887,91.24,30.6,1013.2,76.97
1983-11-01T09:00:00,42724099999,AGARTALA,23.887,91.24,30.8,1010.9,69.19
1983-11-01T12:00:00,42724099999,AGARTALA,23.887,91.24,26.8,1011.1,88.82
1983-11-02T00:00:00,42724099999,AGARTALA,23.887,91.24,21.8,1011.3,100.0
1983-11-02T03:00:00,42724099999,AGARTALA,23.887,91.24,25.8,1013.3,88.74
1983-11-02T06:00:00,42724099999,AGARTALA,23.887,91.24,30.8,,61.7
1983-11-02T09:00:00,42724099999,AGARTALA,23.887,91.24,31.0,1009.6,69.23
1983-11-02T12:00:00,42724099999,AGARTALA,23.887,91.24,27.0,1010.0,82.68
1983-11-02T15:00:00,42724099999,AGARTALA,23.887,91.24,23.2,1012.7,94.69
1983-11-02T18:00:00,42724099999,AGARTALA,23.887,91.24,22.0,1012.7,94.64
1983-11-03T00:00:00,42724099999,AGARTALA,23.887,91.24,20.0,1011.5,98.16
1983-11-03T03:00:00,42724099999,AGARTALA,23.887,91.24,27.2,,84.71
1983-11-03T06:00:00,42724099999,AGARTALA,23.887,91.24,30.2,1012.0,70.33
1983-11-03T09:00:00,42724099999,AGARTALA,23.887,91.24,29.4,1009.6,72.33
1983-11-03T12:00:00,42724099999,AGARTALA,23.887,91.24,26.0,1010.3,76.27
1983-11-04T00:00:00,42724099999,AGARTALA,23.887,91.24,18.8,1012.7,98.14
1983-11-04T03:00:00,42724099999,AGARTALA,23.887,91.24,25.6,1014.8,76.21
1983-11-04T06:00:00,42724099999,AGARTALA,23.887,91.24,29.0,1013.0,60.55
1983-11-04T09:00:00,42724099999,AGARTALA,23.887,91.24,29.0,1010.8,60.55
1983-11-04T12:00:00,42724099999,AGARTALA,23.887,91.24,24.6,1011.1,86.52
1983-11-04T15:00:00,42724099999,AGARTALA,23.887,91.24,21.0,1013.2,96.37
1983-11-04T18:00:00,42724099999,AGARTALA,23.887,91.24,22.2,1013.0,95.82
1983-11-04T21:00:00,42724099999,AGARTALA,23.887,91.24,19.8,1013.4,99.38
1983-11-05T00:00:00,42724099999,AGARTALA,23.887,91.24,20.2,1013.8,100.0
1983-11-05T03:00:00,42724099999,AGARTALA,23.887,91.24,26.2,1015.6,77.72
1983-11-05T06:00:00,42724099999,AGARTALA,23.887,91.24,31.2,1014.2,49.24
1983-11-05T12:00:00,42724099999,AGARTALA,23.887,91.24,26.0,1011.4,80.58
1983-11-05T15:00:00,42724099999,AGARTALA,23.887,91.24,22.4,1013.1,91.24
1983-11-05T18:00:00,42724099999,AGARTALA,23.887,91.24,20.6,1013.0,97.56
1983-11-06T00:00:00,42724099999,AGARTALA,23.887,91.24,20.0,1012.6,98.16
1983-11-06T06:00:00,42724099999,AGARTALA,23.887,91.24,30.4,1012.7,53.16
1983-11-06T09:00:00,42724099999,AGARTALA,23.887,91.24,31.0,1009.9,44.77
1983-11-06T12:00:00,42724099999,AGARTALA,23.887,91.24,25.8,1011.0,77.66
1983-11-06T15:00:00,42724099999,AGARTALA,23.887,91.24,22.8,1011.5,92.95
1983-11-06T18:00:00,42724099999,AGARTALA,23.887,91.24,21.6,1012.0,92.89
1983-11-07T00:00:00,42724099999,AGARTALA,23.887,91.24,20.6,1012.1,90.56
1983-11-07T03:00:00,42724099999,AGARTALA,23.887,91.24,,1011.5,
1983-11-07T06:00:00,42724099999,AGARTALA,23.887,91.24,29.4,1010.0,65.66
1983-11-07T09:00:00,42724099999,AGARTALA,23.887,91.24,29.2,1007.8,63.26
1983-11-07T12:00:00,42724099999,AGARTALA,23.887,91.24,25.6,1008.2,87.14
1983-11-07T15:00:00,42724099999,AGARTALA,23.887,91.24,24.4,1010.4,91.36
1983-11-08T03:00:00,42724099999,AGARTALA,23.887,91.24,25.2,1011.4,77.57
1983-11-08T06:00:00,42724099999,AGARTALA,23.887,91.24,30.8,1009.8,71.71
1983-11-08T09:00:00,42724099999,AGARTALA,23.887,91.24,28.4,1007.9,81.86
1983-11-08T12:00:00,42724099999,AGARTALA,23.887,91.24,26.6,1007.1,87.23
1983-11-08T18:00:00,42724099999,AGARTALA,23.887,91.24,,1008.9,
1983-11-08T21:00:00,42724099999,AGARTALA,23.887,91.24,23.8,1008.2,96.45
1983-11-09T00:00:00,42724099999,AGARTALA,23.887,91.24,23.4,1007.9,98.2
1983-11-09T03:00:00,42724099999,AGARTALA,23.887,91.24,24.6,1010.3,89.73
1983-11-09T06:00:00,42724099999,AGARTALA,23.887,91.24,27.0,1007.4,81.2
1983-11-09T09:00:00,42724099999,AGARTALA,23.887,91.24,24.8,1004.6,94.75
1983-11-09T12:00:00,42724099999,AGARTALA,23.887,91.24,23.0,1004.0,96.43
1983-11-09T15:00:00,42724099999,AGARTALA,23.887,91.24,22.4,1005.0,96.41
1983-11-09T18:00:00,42724099999,AGARTALA,23.887,91.24,22.2,1004.8,96.4
1983-11-10T00:00:00,42724099999,AGARTALA,23.887,91.24,20.8,1006.7,98.17
1983-11-10T03:00:00,42724099999,AGARTALA,23.887,91.24,24.2,1009.3,79.85
1983-11-10T06:00:00,42724099999,AGARTALA,23.887,91.24,24.4,1008.4,83.38
1983-11-10T09:00:00,42724099999,AGARTALA,23.887,91.24,25.4,1006.9,79.04
1983-11-10T12:00:00,42724099999,AGARTALA,23.887,91.24,24.4,1008.1,86.5
1983-11-11T03:00:00,42724099999,AGARTALA,23.887,91.24,23.6,1012.1,88.03
1983-11-11T06:00:00,42724099999,AGARTALA,23.887,91.24,27.4,1010.3,68.54
1983-11-11T09:00:00,42724099999,AGARTALA,23.887,91.24,28.0,1008.3,69.07
1983-11-11T12:00:00,42724099999,AGARTALA,23.887,91.24,24.0,1009.1,84.89
1983-11-11T15:00:00,42724099999,AGARTALA,23.887,91.24,20.8,1011.0,96.37
1983-11-11T18:00:00,42724099999,AGARTALA,23.887,91.24,19.8,1011.4,98.15
1983-11-12T00:00:00,42724099999,AGARTALA,23.887,91.24,17.8,1012.0,98.13
1983-11-12T03:00:00,42724099999,AGARTALA,23.887,91.24,24.6,1013.8,89.73
1983-11-12T06:00:00,42724099999,AGARTALA,23.887,91.24,27.8,1011.7,68.62
1983-11-12T09:00:00,42724099999,AGARTALA,23.887,91.24,28.2,1010.0,69.11
1983-11-12T12:00:00,42724099999,AGARTALA,23.887,91.24,24.2,1010.3,87.54
1983-11-12T15:00:00,42724099999,AGARTALA,23.887,91.24,20.8,1012.3,96.37
1983-11-12T18:00:00,42724099999,AGARTALA,23.887,91.24,19.4,1012.4,100.0
1983-11-13T03:00:00,42724099999,AGARTALA,23.887,91.24,24.2,1014.1,86.48
1983-11-13T06:00:00,42724099999,AGARTALA,23.887,91.24,28.8,1012.6,65.53
1983-11-13T09:00:00,42724099999,AGARTALA,23.887,91.24,29.4,1010.7,57.01
1983-11-13T12:00:00,42724099999,AGARTALA,23.887,91.24,25.2,1011.4,81.96
1983-11-13T15:00:00,42724099999,AGARTALA,23.887,91.24,21.2,1012.6,94.61
1983-11-14T03:00:00,42724099999,AGARTALA,23.887,91.24,24.4,1014.4,86.5
1983-11-14T06:00:00,42724099999,AGARTALA,23.887,91.24,28.8,1012.9,65.53
1983-11-14T09:00:00,42724099999,AGARTALA,23.887,91.24,29.2,1010.6,65.62
1983-11-14T12:00:00,42724099999,AGARTALA,23.887,91.24,24.8,1011.4,84.97
1983-11-15T01:00:00,42724099999,AGARTALA,23.887,91.24,28.8,1013.5,63.95
1983-11-15T03:00:00,42724099999,AGARTALA,23.887,91.24,25.8,1015.7,77.66
1983-11-15T06:00:00,42724099999,AGARTALA,23.887,91.24,28.8,1013.5,63.95
1983-11-15T09:00:00,42724099999,AGARTALA,23.887,91.24,29.2,1011.4,65.62
1983-11-16T00:00:00,42724099999,AGARTALA,23.887,91.24,19.6,1014.5,98.15
1983-11-16T06:00:00,42724099999,AGARTALA,23.887,91.24,19.6,1014.5,
1983-11-16T09:00:00,42724099999,AGARTALA,23.887,91.24,28.8,1011.5,69.23
1983-11-16T12:00:00,42724099999,AGARTALA,23.887,91.24,25.2,1012.3,88.16
1983-11-16T15:00:00,42724099999,AGARTALA,23.887,91.24,22.6,1014.5,94.67
1983-11-16T18:00:00,42724099999,AGARTALA,23.887,91.24,21.4,1014.9,98.18
1983-11-17T00:00:00,42724099999,AGARTALA,23.887,91.24,19.4,1014.7,100.0
1983-11-17T03:00:00,42724099999,AGARTALA,23.887,91.24,25.8,1016.5,77.66
1983-11-17T06:00:00,42724099999,AGARTALA,23.887,91.24,27.8,1014.3,62.18
1983-11-17T09:00:00,42724099999,AGARTALA,23.887,91.24,29.0,1011.8,59.07
1983-11-17T12:00:00,42724099999,AGARTALA,23.887,91.24,24.4,1012.8,83.38
1983-11-18T03:00:00,42724099999,AGARTALA,23.887,91.24,23.4,1016.1,84.3
1983-11-18T06:00:00,42724099999,AGARTALA,23.887,91.24,,1014.2,
1983-11-18T12:00:00,42724099999,AGARTALA,23.887,91.24,23.2,1013.1,89.63
1983-11-18T15:00:00,42724099999,AGARTALA,23.887,91.24,20.0,1015.2,93.97
1983-11-19T03:00:00,42724099999,AGARTALA,23.887,91.24,23.8,1017.0,82.8
1983-11-19T06:00:00,42724099999,AGARTALA,23.887,91.24,27.6,1015.6,61.75
1983-11-19T18:00:00,42724099999,AGARTALA,23.887,91.24,18.4,1016.4,98.14
1983-11-20T00:00:00,42724099999,AGARTALA,23.887,91.24,16.0,1016.9,98.1
1983-11-20T03:00:00,42724099999,AGARTALA,23.887,91.24,23.4,1018.7,
1983-11-20T06:00:00,42724099999,AGARTALA,23.887,91.24,27.8,1016.9,62.18
1983-11-21T00:00:00,42724099999,AGARTALA,23.887,91.24,15.4,1016.2,100.0
1983-11-21T03:00:00,42724099999,AGARTALA,23.887,91.24,24.2,1018.0,87.01
1983-11-21T06:00:00,42724099999,AGARTALA,23.887,91.24,27.8,1015.2,66.14
1983-11-21T09:00:00,42724099999,AGARTALA,23.887,91.24,29.0,1012.5,62.83
1983-11-21T12:00:00,42724099999,AGARTALA,23.887,91.24,24.2,1013.4,89.7
1983-11-22T00:00:00,42724099999,AGARTALA,23.887,91.24,18.8,1014.8,98.14
1983-11-22T03:00:00,42724099999,AGARTALA,23.887,91.24,24.4,1016.9,78.41
1983-11-22T06:00:00,42724099999,AGARTALA,23.887,91.24,30.2,1015.0,47.16
1983-11-22T12:00:00,42724099999,AGARTALA,23.887,91.24,23.8,1014.2,82.8
1983-11-23T00:00:00,42724099999,AGARTALA,23.887,91.24,18.4,1015.0,96.3
1983-11-23T03:00:00,42724099999,AGARTALA,23.887,91.24,22.2,1016.9,80.58
1983-11-23T06:00:00,42724099999,AGARTALA,23.887,91.24,27.6,1015.5,60.61
1983-11-23T09:00:00,42724099999,AGARTALA,23.887,91.24,27.0,1013.9,75.5
1983-11-23T12:00:00,42724099999,AGARTALA,23.887,91.24,23.8,1014.9,89.67
1983-11-23T15:00:00,42724099999,AGARTALA,23.887,91.24,22.0,1017.3,94.64
1983-11-23T18:00:00,42724099999,AGARTALA,23.887,91.24,21.8,1017.6,88.97
1983-11-24T00:00:00,42724099999,AGARTALA,23.887,91.24,,1018.3,
1983-11-24T03:00:00,42724099999,AGARTALA,23.887,91.24,23.8,1019.8,78.33
1983-11-24T06:00:00,42724099999,AGARTALA,23.887,91.24,26.4,1017.6,67.92
1983-11-24T09:00:00,42724099999,AGARTALA,23.887,91.24,27.6,1015.3,56.58
1983-11-24T11:00:00,42724099999,AGARTALA,23.887,91.24,18.8,1017.9,95.71
1983-11-24T12:00:00,42724099999,AGARTALA,23.887,91.24,22.2,1015.8,82.61
1983-11-24T13:00:00,42724099999,AGARTALA,23.887,91.24,22.2,,82.61
1983-11-24T15:00:00,42724099999,AGARTALA,23.887,91.24,18.8,1017.9,95.71
1983-11-24T18:00:00,42724099999,AGARTALA,23.887,91.24,17.0,1017.0,98.12
1983-11-25T00:00:00,42724099999,AGARTALA,23.887,91.24,14.4,1016.4,100.0
1983-11-25T03:00:00,42724099999,AGARTALA,23.887,91.24,22.8,1018.1,81.16
1983-11-25T06:00:00,42724099999,AGARTALA,23.887,91.24,27.2,1015.8,65.61
1983-11-25T09:00:00,42724099999,AGARTALA,23.887,91.24,28.4,1013.6,56.07
1983-11-26T00:00:00,42724099999,AGARTALA,23.887,91.24,14.8,1017.7,98.08
1983-11-26T03:00:00,42724099999,AGARTALA,23.887,91.24,21.6,1019.8,80.5
1983-11-26T09:00:00,42724099999,AGARTALA,23.887,91.24,29.2,1015.8,58.03
1983-11-26T12:00:00,42724099999,AGARTALA,23.887,91.24,24.0,1016.3,81.31
1983-11-26T15:00:00,42724099999,AGARTALA,23.887,91.24,20.6,1017.7,94.59
1983-11-26T18:00:00,42724099999,AGARTALA,23.887,91.24,18.6,1018.0,98.14
1983-11-27T00:00:00,42724099999,AGARTALA,23.887,91.24,15.2,1018.8,98.09
1983-11-27T03:00:00,42724099999,AGARTALA,23.887,91.24,23.2,1020.5,74.89
1983-11-27T06:00:00,42724099999,AGARTALA,23.887,91.24,27.6,1018.5,63.3
1983-11-27T09:00:00,42724099999,AGARTALA,23.887,91.24,28.8,1016.9,56.52
1983-11-28T00:00:00,42724099999,AGARTALA,23.887,91.24,13.2,1019.3,97.42
1983-11-28T03:00:00,42724099999,AGARTALA,23.887,91.24,21.2,1020.2,83.54
1983-11-28T06:00:00,42724099999,AGARTALA,23.887,91.24,27.8,1018.3,54.19
1983-11-28T09:00:00,42724099999,AGARTALA,23.887,91.24,27.8,1016.2,56.63
1983-11-28T12:00:00,42724099999,AGARTALA,23.887,91.24,22.2,1016.9,80.58
1983-11-28T15:00:00,42724099999,AGARTALA,23.887,91.24,17.6,1018.8,100.0
1983-11-28T18:00:00,42724099999,AGARTALA,23.887,91.24,16.6,1018.3,98.11
1983-11-29T00:00:00,42724099999,AGARTALA,23.887,91.24,13.0,1019.0,100.0
1983-11-29T03:00:00,42724099999,AGARTALA,23.887,91.24,21.8,1020.7,80.52
1983-11-29T06:00:00,42724099999,AGARTALA,23.887,91.24,26.2,1018.6,63.39
1983-11-29T09:00:00,42724099999,AGARTALA,23.887,91.24,27.4,1016.7,47.62
1983-11-29T12:00:00,42724099999,AGARTALA,23.887,91.24,21.2,1017.7,83.01
1983-11-29T15:00:00,42724099999,AGARTALA,23.887,91.24,17.4,1018.5,95.66
1983-11-30T00:00:00,42724099999,AGARTALA,23.887,91.24,12.8,1018.3,100.0
1983-11-30T03:00:00,42724099999,AGARTALA,23.887,91.24,20.8,1020.7,81.93
1983-11-30T06:00:00,42724099999,AGARTALA,23.887,91.24,26.0,1018.3,61.78
1983-11-30T09:00:00,42724099999,AGARTALA,23.887,91.24,27.6,1015.8,47.68
1983-11-30T12:00:00,42724099999,AGARTALA,23.887,91.24,21.6,1016.3,85.7
1983-11-30T15:00:00,42724099999,AGARTALA,23.887,91.24,,1018.7,
1983-11-30T18:00:00,42724099999,AGARTALA,23.887,91.24,16.6,1017.9,98.11
1983-12-01T00:00:00,42724099999,AGARTALA,23.887,91.24,14.0,1018.1,100.0
1983-12-01T03:00:00,42724099999,AGARTALA,23.887,91.24,21.4,1020.4,75.07
1983-12-01T06:00:00,42724099999,AGARTALA,23.887,91.24,25.4,1017.8,65.64
1983-12-01T09:00:00,42724099999,AGARTALA,23.887,91.24,27.4,1015.8,46.41
1983-12-01T12:00:00,42724099999,AGARTALA,23.887,91.24,21.0,1016.7,81.95
1983-12-01T15:00:00,42724099999,AGARTALA,23.887,91.24,16.8,1018.6,98.11
1983-12-01T18:00:00,42724099999,AGARTALA,23.887,91.24,15.2,1018.6,98.09
1983-12-02T00:00:00,42724099999,AGARTALA,23.887,91.24,12.6,1018.2,97.41
1983-12-02T03:00:00,42724099999,AGARTALA,23.887,91.24,20.6,1019.5,84.53
1983-12-02T06:00:00,42724099999,AGARTALA,23.887,91.24,26.0,1017.7,59.11
1983-12-03T03:00:00,42724099999,AGARTALA,23.887,91.24,17.6,1028.8,93.87
1983-12-03T06:00:00,42724099999,AGARTALA,23.887,91.24,26.2,1019.0,55.18
1983-12-03T09:00:00,42724099999,AGARTALA,23.887,91.24,26.8,1017.0,53.26
1983-12-03T12:00:00,42724099999,AGARTALA,23.887,91.24,21.8,1017.9,73.25
1983-12-03T15:00:00,42724099999,AGARTALA,23.887,91.24,15.0,1019.4,95.58
1983-12-04T03:00:00,42724099999,AGARTALA,23.887,91.24,20.0,1022.6,75.8
1983-12-04T06:00:00,42724099999,AGARTALA,23.887,91.24,25.8,1019.8,51.99
1983-12-04T09:00:00,42724099999,AGARTALA,23.887,91.24,26.4,1017.1,46.44
1983-12-04T12:00:00,42724099999,AGARTALA,23.887,91.24,20.6,,79.86
1983-12-04T15:00:00,42724099999,AGARTALA,23.887,91.24,15.6,1018.6,93.77
1983-12-05T00:00:00,42724099999,AGARTALA,23.887,91.24,11.6,1018.4,100.0
1983-12-05T03:00:00,42724099999,AGARTALA,23.887,91.24,19.6,1020.4,82.82
1983-12-05T06:00:00,42724099999,AGARTALA,23.887,91.24,25.5,1018.1,56.43
1983-12-05T09:00:00,42724099999,AGARTALA,23.887,91.24,25.4,1015.8,57.13
1983-12-05T12:00:00,42724099999,AGARTALA,23.887,91.24,20.2,1016.3,81.34
1983-12-05T15:00:00,42724099999,AGARTALA,23.887,91.24,15.2,1017.9,98.09
1983-12-05T18:00:00,42724099999,AGARTALA,23.887,91.24,13.8,1018.4,97.43
1983-12-06T00:00:00,42724099999,AGARTALA,23.887,91.24,11.2,1017.9,97.38
1983-12-06T03:00:00,42724099999,AGARTALA,23.887,91.24,18.0,1020.2,56.41
1983-12-06T06:00:00,42724099999,AGARTALA,23.887,91.24,25.2,1017.1,59.68
1983-12-06T09:00:00,42724099999,AGARTALA,23.887,91.24,25.4,1016.2,58.6
1983-12-06T12:00:00,42724099999,AGARTALA,23.887,91.24,20.2,1016.0,83.42
1983-12-06T15:00:00,42724099999,AGARTALA,23.887,91.24,15.8,1017.4,100.0
1983-12-06T18:00:00,42724099999,AGARTALA,23.887,91.24,14.0,1017.0,100.0
1983-12-07T03:00:00,42724099999,AGARTALA,23.887,91.24,21.2,1019.6,78.94
1983-12-07T06:00:00,42724099999,AGARTALA,23.887,91.24,26.0,1018.1,57.63
1983-12-07T09:00:00,42724099999,AGARTALA,23.887,91.24,25.8,1015.9,59.06
1983-12-07T12:00:00,42724099999,AGARTALA,23.887,91.24,20.2,1016.7,86.64
1983-12-07T15:00:00,42724099999,AGARTALA,23.887,91.24,16.8,1018.0,98.11
1983-12-08T03:00:00,42724099999,AGARTALA,23.887,91.24,21.0,1019.4,75.0
1983-12-08T06:00:00,42724099999,AGARTALA,23.887,91.24,25.8,1017.0,57.59
1983-12-08T09:00:00,42724099999,AGARTALA,23.887,91.24,26.6,1014.7,58.14
1983-12-08T12:00:00,42724099999,AGARTALA,23.887,91.24,21.8,1015.9,85.72
1983-12-08T15:00:00,42724099999,AGARTALA,23.887,91.24,18.4,1017.2,93.9
1983-12-09T00:00:00,42724099999,AGARTALA,23.887,91.24,15.8,1017.1,96.85
1983-12-09T03:00:00,42724099999,AGARTALA,23.887,91.24,20.8,1019.5,74.97
1983-12-09T09:00:00,42724099999,AGARTALA,23.887,91.24,25.0,1014.7,62.33
1983-12-09T12:00:00,42724099999,AGARTALA,23.887,91.24,20.6,1015.5,81.9
1983-12-09T15:00:00,42724099999,AGARTALA,23.887,91.24,16.6,1017.0,98.11
1983-12-09T18:00:00,42724099999,AGARTALA,23.887,91.24,14.2,1016.7,97.44
1983-12-10T00:00:00,42724099999,AGARTALA,23.887,91.24,12.6,1016.8,
1983-12-10T03:00:00,42724099999,AGARTALA,23.887,91.24,20.8,1018.4,74.97
1983-12-10T06:00:00,42724099999,AGARTALA,23.887,91.24,23.8,1016.6,61.28
1983-12-10T09:00:00,42724099999,AGARTALA,23.887,91.24,25.4,1013.3,55.69
1983-12-10T12:00:00,42724099999,AGARTALA,23.887,91.24,19.6,1015.0,86.58
1983-12-10T15:00:00,42724099999,AGARTALA,23.887,91.24,15.7,1016.6,98.73
1983-12-10T18:00:00,42724099999,AGARTALA,23.887,91.24,13.8,1016.3,94.92
1983-12-11T00:00:00,42724099999,AGARTALA,23.887,91.24,11.4,1016.3,100.0
1983-12-11T03:00:00,42724099999,AGARTALA,23.887,91.24,19.6,1017.9,82.82
1983-12-11T06:00:00,42724099999,AGARTALA,23.887,91.24,24.4,1016.2,60.25
1983-12-11T09:00:00,42724099999,AGARTALA,23.887,91.24,24.8,1014.1,65.1
1983-12-11T12:00:00,42724099999,AGARTALA,23.887,91.24,19.6,1014.4,84.95
1983-12-11T18:00:00,42724099999,AGARTALA,23.887,91.24,13.6,1015.3,97.43
1983-12-12T00:00:00,42724099999,AGARTALA,23.887,91.24,11.4,1015.5,100.0
1983-12-12T03:00:00,42724099999,AGARTALA,23.887,91.24,17.8,1017.7,92.1
1983-12-12T06:00:00,42724099999,AGARTALA,23.887,91.24,24.0,1015.9,64.52
1983-12-12T09:00:00,42724099999,AGARTALA,23.887,91.24,25.2,1013.3,63.97
1983-12-12T12:00:00,42724099999,AGARTALA,23.887,91.24,20.0,1014.2,86.62
1983-12-12T15:00:00,42724099999,AGARTALA,23.887,91.24,16.8,1017.0,95.64
1983-12-12T18:00:00,42724099999,AGARTALA,23.887,91.24,20.0,1013.3,86.62
1983-12-13T00:00:00,42724099999,AGARTALA,23.887,91.24,11.8,1015.8,100.0
1983-12-13T03:00:00,42724099999,AGARTALA,23.887,91.24,20.4,1017.9,83.44
1983-12-13T06:00:00,42724099999,AGARTALA,23.887,91.24,25.4,1015.7,62.42
1983-12-13T09:00:00,42724099999,AGARTALA,23.887,91.24,26.2,1013.9,60.67
1983-12-13T12:00:00,42724099999,AGARTALA,23.887,91.24,20.6,1014.9,87.22
1983-12-14T00:00:00,42724099999,AGARTALA,23.887,91.24,10.8,1016.9,100.0
1983-12-14T03:00:00,42724099999,AGARTALA,23.887,91.24,19.4,1018.7,59.86
1983-12-14T06:00:00,42724099999,AGARTALA,23.887,91.24,24.8,1017.1,66.76
1983-12-14T09:00:00,42724099999,AGARTALA,23.887,91.24,26.4,1014.9,56.65
1983-12-14T12:00:00,42724099999,AGARTALA,23.887,91.24,20.6,1015.8,88.87
1983-12-14T15:00:00,42724099999,AGARTALA,23.887,91.24,18.4,1016.3,89.83
1983-12-14T18:00:00,42724099999,AGARTALA,23.887,91.24,13.4,1017.0,100.0
1983-12-15T00:00:00,42724099999,AGARTALA,23.887,91.24,10.0,1016.9,100.0
1983-12-15T03:00:00,42724099999,AGARTALA,23.887,91.24,18.0,1016.9,89.8
1983-12-15T06:00:00,42724099999,AGARTALA,23.887,91.24,24.2,1015.8,
1983-12-15T09:00:00,42724099999,AGARTALA,23.887,91.24,25.4,,60.1
1983-12-15T12:00:00,42724099999,AGARTALA,23.887,91.24,20.0,1013.7,67.06
1983-12-15T18:00:00,42724099999,AGARTALA,23.887,91.24,12.4,1015.6,100.0
1983-12-16T00:00:00,42724099999,AGARTALA,23.887,91.24,10.0,1015.9,97.36
1983-12-16T03:00:00,42724099999,AGARTALA,23.887,91.24,17.0,1018.1,90.3
1983-12-16T06:00:00,42724099999,AGARTALA,23.887,91.24,24.0,1015.9,61.32
1983-12-16T09:00:00,42724099999,AGARTALA,23.887,91.24,24.4,1013.6,56.16
1983-12-16T12:00:00,42724099999,AGARTALA,23.887,91.24,17.6,1013.3,85.84
1983-12-16T15:00:00,42724099999,AGARTALA,23.887,91.24,13.4,1014.4,95.53
1983-12-16T18:00:00,42724099999,AGARTALA,23.887,91.24,12.0,1014.7,97.4
1983-12-17T00:00:00,42724099999,AGARTALA,23.887,91.24,9.4,1014.7,100.0
1983-12-17T06:00:00,42724099999,AGARTALA,23.887,91.24,23.8,1014.2,59.73
1983-12-17T09:00:00,42724099999,AGARTALA,23.887,91.24,24.4,1011.6,57.62
1983-12-17T12:00:00,42724099999,AGARTALA,23.887,91.24,18.4,1012.6,85.92
1983-12-17T15:00:00,42724099999,AGARTALA,23.887,91.24,13.9,1014.4,94.93
1983-12-17T18:00:00,42724099999,AGARTALA,23.887,91.24,11.8,1014.7,97.39
1983-12-18T00:00:00,42724099999,AGARTALA,23.887,91.24,9.4,1014.6,100.0
1983-12-18T03:00:00,42724099999,AGARTALA,23.887,91.24,16.8,1017.0,89.71
1983-12-18T06:00:00,42724099999,AGARTALA,23.887,91.24,23.8,1015.5,64.07
1983-12-18T09:00:00,42724099999,AGARTALA,23.887,91.24,24.0,1013.6,62.91
1983-12-18T12:00:00,42724099999,AGARTALA,23.887,91.24,17.8,1012.8,85.86
1983-12-18T15:00:00,42724099999,AGARTALA,23.887,91.24,13.8,1014.8,97.43
1983-12-18T18:00:00,42724099999,AGARTALA,23.887,91.24,12.4,1014.7,100.0
1983-12-19T03:00:00,42724099999,AGARTALA,23.887,91.24,17.4,1016.6,83.63
1983-12-19T09:00:00,42724099999,AGARTALA,23.887,91.24,24.6,1012.3,54.78
1983-12-19T12:00:00,42724099999,AGARTALA,23.887,91.24,24.6,1012.2,54.78
1983-12-19T15:00:00,42724099999,AGARTALA,23.887,91.24,13.8,1014.8,100.0
1983-12-20T00:00:00,42724099999,AGARTALA,23.887,91.24,8.8,1013.5,97.33
1983-12-20T03:00:00,42724099999,AGARTALA,23.887,91.24,17.8,1016.3,78.44
1983-12-20T06:00:00,42724099999,AGARTALA,23.887,91.24,23.0,1014.2,48.0
1983-12-20T09:00:00,42724099999,AGARTALA,23.887,91.24,25.0,1012.1,65.15
1983-12-20T12:00:00,42724099999,AGARTALA,23.887,91.24,17.8,1012.8,79.98
1983-12-20T15:00:00,42724099999,AGARTALA,23.887,91.24,13.8,1015.1,90.67
1983-12-21T00:00:00,42724099999,AGARTALA,23.887,91.24,9.8,,94.76
1983-12-21T03:00:00,42724099999,AGARTALA,23.887,91.24,17.8,1017.1,79.98
1983-12-21T06:00:00,42724099999,AGARTALA,23.887,91.24,23.6,1015.0,48.16
1983-12-21T09:00:00,42724099999,AGARTALA,23.887,91.24,13.3,1013.2,84.83
1983-12-21T12:00:00,42724099999,AGARTALA,23.887,91.24,17.8,1014.0,84.22
1983-12-21T15:00:00,42724099999,AGARTALA,23.887,91.24,14.2,1016.1,93.1
1983-12-22T00:00:00,42724099999,AGARTALA,23.887,91.24,10.2,1014.8,97.36
1983-12-22T03:00:00,42724099999,AGARTALA,23.887,91.24,18.0,1016.2,76.46
1983-12-22T06:00:00,42724099999,AGARTALA,23.887,91.24,24.6,1014.2,44.17
1983-12-22T09:00:00,42724099999,AGARTALA,23.887,91.24,25.2,1012.3,43.47
1983-12-22T12:00:00,42724099999,AGARTALA,23.887,91.24,18.4,1012.6,78.53
1983-12-22T15:00:00,42724099999,AGARTALA,23.887,91.24,14.6,1014.4,13.39
1983-12-22T18:00:00,42724099999,AGARTALA,23.887,91.24,,1014.5,
1983-12-23T00:00:00,42724099999,AGARTALA,23.887,91.24,,1014.6,
1983-12-23T03:00:00,42724099999,AGARTALA,23.887,91.24,18.0,1016.8,76.46
1983-12-23T06:00:00,42724099999,AGARTALA,23.887,91.24,25.4,1014.7,46.47
1983-12-23T09:00:00,42724099999,AGARTALA,23.887,91.24,26.8,1018.8,41.95
1983-12-23T12:00:00,42724099999,AGARTALA,23.887,91.24,20.0,1013.3,79.77
1983-12-23T15:00:00,42724099999,AGARTALA,23.887,91.24,20.0,1013.3,79.77
1983-12-24T00:00:00,42724099999,AGARTALA,23.887,91.24,12.4,1014.6,97.4
1983-12-24T03:00:00,42724099999,AGARTALA,23.887,91.24,,1017.1,
1983-12-24T06:00:00,42724099999,AGARTALA,23.887,91.24,26.0,1015.6,52.38
1983-12-25T00:00:00,42724099999,AGARTALA,23.887,91.24,10.6,1015.9,97.37
1983-12-25T03:00:00,42724099999,AGARTALA,23.887,91.24,18.8,1018.2,
1983-12-25T06:00:00,42724099999,AGARTALA,23.887,91.24,25.4,1016.5,29.05
1983-12-26T00:00:00,42724099999,AGARTALA,23.887,91.24,15.4,1015.1,98.09
1983-12-26T06:00:00,42724099999,AGARTALA,23.887,91.24,17.0,1014.0,88.01
1983-12-26T12:00:00,42724099999,AGARTALA,23.887,91.24,16.2,1013.2,98.1
1983-12-26T15:00:00,42724099999,AGARTALA,23.887,91.24,15.8,1014.1,100.0
1983-12-26T18:00:00,42724099999,AGARTALA,23.887,91.24,15.8,1011.9,100.0
1983-12-26T21:00:00,42724099999,AGARTALA,23.887,91.24,15.8,,100.0
1983-12-27T00:00:00,42724099999,AGARTALA,23.887,91.24,15.4,1008.6,100.0
1983-12-28T00:00:00,42724099999,AGARTALA,23.887,91.24,9.8,1012.3,100.0
1983-12-28T09:00:00,42724099999,AGARTALA,23.887,91.24,19.8,1013.4,53.91
1983-12-28T12:00:00,42724099999,AGARTALA,23.887,91.24,15.6,1014.6,82.88
1983-12-29T09:00:00,42724099999,AGARTALA,23.887,91.24,20.8,1014.5,53.46
1983-12-30T00:00:00,42724099999,AGARTALA,23.887,91.24,8.2,,100.0
1983-12-30T03:00:00,42724099999,AGARTALA,23.887,91.24,15.0,1016.1,84.45
1983-12-30T06:00:00,42724099999,AGARTALA,23.887,91.24,19.4,1015.4,58.29
1983-12-30T09:00:00,42724099999,AGARTALA,23.887,91.24,20.8,1011.6,49.02
1983-12-30T12:00:00,42724099999,AGARTALA,23.887,91.24,15.8,1014.1,77.12
1983-12-30T15:00:00,42724099999,AGARTALA,23.887,91.24,11.6,1016.2,89.91
1983-12-30T18:00:00,42724099999,AGARTALA,23.887,91.24,9.4,1016.6,92.21
1983-12-31T00:00:00,42724099999,AGARTALA,23.887,91.24,6.4,1016.3,100.0
1983-12-31T03:00:00,42724099999,AGARTALA,23.887,91.24,14.0,1018.7,88.91
1983-12-31T06:00:00,42724099999,AGARTALA,23.887,91.24,21.0,1017.0,51.76
1983-12-31T09:00:00,42724099999,AGARTALA,23.887,91.24,21.4,1014.7,42.41
1983-12-31T12:00:00,42724099999,AGARTALA,23.887,91.24,16.8,1016.0,75.77
1983-12-31T15:00:00,42724099999,AGARTALA,23.887,91.24,12.8,1017.6,
